62 63 1.0
63 62 1.0
86 88 0.963630131858
88 86 0.963630131858
32 86 0.962204994083
86 32 0.962204994083
32 88 0.957080475949
88 32 0.957080475949
54 86 0.935130885545
86 54 0.935130885545
32 54 0.934581460626
54 32 0.934581460626
54 88 0.917095408826
88 54 0.917095408826
65 84 0.909329433972
84 65 0.909329433972
7 68 0.872474104095
68 7 0.872474104095
66 84 0.866474271707
84 66 0.866474271707
33 34 0.86356832373
34 33 0.86356832373
33 78 0.848409842084
78 33 0.848409842084
45 49 0.845824056342
49 45 0.845824056342
13 88 0.83627910954
88 13 0.83627910954
13 54 0.834520573655
54 13 0.834520573655
9 46 0.83291553784
46 9 0.83291553784
13 32 0.831767638775
32 13 0.831767638775
13 86 0.817492178678
86 13 0.817492178678
34 78 0.802845692596
78 34 0.802845692596
38 57 0.801629581023
57 38 0.801629581023
57 101 0.801199973402
101 57 0.801199973402
65 66 0.800789274555
66 65 0.800789274555
60 61 0.795183031454
61 60 0.795183031454
64 84 0.790015717493
84 64 0.790015717493
78 91 0.784316416397
91 78 0.784316416397
39 45 0.783210966179
45 39 0.783210966179
2 59 0.778709766719
59 2 0.778709766719
6 94 0.776997690183
94 6 0.776997690183
21 101 0.767449387405
101 21 0.767449387405
64 65 0.76563837989
65 64 0.76563837989
64 66 0.763776385765
66 64 0.763776385765
60 65 0.762421986724
65 60 0.762421986724
61 65 0.756315360278
65 61 0.756315360278
49 78 0.744877895126
78 49 0.744877895126
38 97 0.739516083
97 38 0.739516083
39 49 0.738437202943
49 39 0.738437202943
39 78 0.735840407203
78 39 0.735840407203
59 96 0.734971428541
96 59 0.734971428541
38 101 0.729900740249
101 38 0.729900740249
64 72 0.729545735087
72 64 0.729545735087
35 105 0.728670369282
105 35 0.728670369282
24 91 0.728458565548
91 24 0.728458565548
37 56 0.726903765644
56 37 0.726903765644
16 80 0.725806622564
80 16 0.725806622564
60 66 0.72549566679
66 60 0.72549566679
49 97 0.722475744637
97 49 0.722475744637
3 65 0.722066706783
65 3 0.722066706783
38 49 0.721723149397
49 38 0.721723149397
34 35 0.719579639931
35 34 0.719579639931
49 57 0.717991765979
57 49 0.717991765979
38 78 0.716646445218
78 38 0.716646445218
60 67 0.716185913658
67 60 0.716185913658
2 96 0.716064503717
96 2 0.716064503717
33 38 0.715856261533
38 33 0.715856261533
57 97 0.715237287949
97 57 0.715237287949
57 78 0.714726913558
78 57 0.714726913558
49 101 0.712610393428
101 49 0.712610393428
88 90 0.711654327221
90 88 0.711654327221
4 53 0.711360137888
53 4 0.711360137888
61 66 0.709736679205
66 61 0.709736679205
3 60 0.707336831875
60 3 0.707336831875
21 57 0.706549320462
57 21 0.706549320462
78 101 0.705758616221
101 78 0.705758616221
61 64 0.705278249213
64 61 0.705278249213
61 84 0.701486127384
84 61 0.701486127384
94 97 0.700821446047
97 94 0.700821446047
33 35 0.698066586795
35 33 0.698066586795
10 12 0.69697094699
12 10 0.69697094699
60 64 0.696075964031
64 60 0.696075964031
41 49 0.681248303082
49 41 0.681248303082
86 90 0.680051719459
90 86 0.680051719459
12 95 0.678844233302
95 12 0.678844233302
51 68 0.678175942641
68 51 0.678175942641
34 38 0.673228611422
38 34 0.673228611422
19 44 0.67124862208
44 19 0.67124862208
3 61 0.669016677626
61 3 0.669016677626
97 101 0.667397659071
101 97 0.667397659071
60 84 0.666597317769
84 60 0.666597317769
32 90 0.66492989094
90 32 0.66492989094
33 49 0.658047993324
49 33 0.658047993324
33 57 0.655193620083
57 33 0.655193620083
21 60 0.654635361124
60 21 0.654635361124
34 57 0.654456977348
57 34 0.654456977348
64 74 0.653839767786
74 64 0.653839767786
46 85 0.653024103439
85 46 0.653024103439
57 71 0.652068385972
71 57 0.652068385972
45 78 0.651188583533
78 45 0.651188583533
21 78 0.650543503142
78 21 0.650543503142
33 104 0.650537302095
104 33 0.650537302095
7 43 0.650415559894
43 7 0.650415559894
38 41 0.650270037355
41 38 0.650270037355
41 80 0.649227473161
80 41 0.649227473161
24 78 0.646137078577
78 24 0.646137078577
1 65 0.645628946729
65 1 0.645628946729
78 97 0.644152439215
97 78 0.644152439215
42 44 0.643267520903
44 42 0.643267520903
54 90 0.642261950064
90 54 0.642261950064
21 38 0.640942882486
38 21 0.640942882486
33 101 0.639957970052
101 33 0.639957970052
39 93 0.639378185699
93 39 0.639378185699
25 42 0.639009650423
42 25 0.639009650423
1 60 0.638286379506
60 1 0.638286379506
66 98 0.636808669827
98 66 0.636808669827
8 29 0.635013433557
29 8 0.635013433557
80 101 0.634893974946
101 80 0.634893974946
42 47 0.634335047417
47 42 0.634335047417
78 94 0.63425907795
94 78 0.63425907795
18 83 0.632903810939
83 18 0.632903810939
21 34 0.632681261218
34 21 0.632681261218
34 94 0.63172690415
94 34 0.63172690415
17 96 0.631325332682
96 17 0.631325332682
3 84 0.630790394725
84 3 0.630790394725
28 41 0.630285866867
41 28 0.630285866867
78 80 0.629367199531
80 78 0.629367199531
64 92 0.629059659893
92 64 0.629059659893
33 39 0.627675723256
39 33 0.627675723256
39 77 0.626560521821
77 39 0.626560521821
45 101 0.626326830336
101 45 0.626326830336
10 19 0.626224291085
19 10 0.626224291085
27 47 0.625968637149
47 27 0.625968637149
48 64 0.625613175719
64 48 0.625613175719
84 105 0.625459137041
105 84 0.625459137041
21 49 0.625458440973
49 21 0.625458440973
23 41 0.624544481389
41 23 0.624544481389
57 94 0.623071832219
94 57 0.623071832219
82 105 0.622117928309
105 82 0.622117928309
15 52 0.621602963235
52 15 0.621602963235
16 60 0.620542714141
60 16 0.620542714141
61 67 0.618063067471
67 61 0.618063067471
57 80 0.617919703883
80 57 0.617919703883
60 98 0.617606388138
98 60 0.617606388138
41 97 0.617574855572
97 41 0.617574855572
7 51 0.616424010108
51 7 0.616424010108
53 68 0.61345322205
68 53 0.61345322205
14 47 0.612637474633
47 14 0.612637474633
33 97 0.612207130676
97 33 0.612207130676
34 101 0.611979565849
101 34 0.611979565849
1 66 0.611943029017
66 1 0.611943029017
38 94 0.610875603534
94 38 0.610875603534
66 67 0.609808912579
67 66 0.609808912579
33 94 0.608696481841
94 33 0.608696481841
38 71 0.607430409078
71 38 0.607430409078
23 73 0.607320181881
73 23 0.607320181881
65 67 0.60667423443
67 65 0.60667423443
33 91 0.606241902996
91 33 0.606241902996
39 101 0.606100200745
101 39 0.606100200745
34 91 0.605013269043
91 34 0.605013269043
2 23 0.602464076077
23 2 0.602464076077
21 39 0.602317062753
39 21 0.602317062753
48 72 0.602267279272
72 48 0.602267279272
41 78 0.601783520979
78 41 0.601783520979
33 80 0.601062079502
80 33 0.601062079502
48 74 0.600935858502
74 48 0.600935858502
43 68 0.600480576769
68 43 0.600480576769
51 69 0.600038268967
69 51 0.600038268967
72 74 0.599745805015
74 72 0.599745805015
41 57 0.59897528271
57 41 0.59897528271
42 81 0.596284794
81 42 0.596284794
13 90 0.596054907908
90 13 0.596054907908
43 57 0.595588235294
57 43 0.595588235294
16 41 0.594330684735
41 16 0.594330684735
1 84 0.594251358364
84 1 0.594251358364
1 61 0.594124399614
61 1 0.594124399614
5 67 0.593544669061
67 5 0.593544669061
51 105 0.592388857168
105 51 0.592388857168
94 101 0.591609131207
101 94 0.591609131207
14 85 0.591312395989
85 14 0.591312395989
64 67 0.590479395944
67 64 0.590479395944
68 69 0.589855061929
69 68 0.589855061929
23 59 0.588542820942
59 23 0.588542820942
7 53 0.588505682938
53 7 0.588505682938
25 99 0.587220219515
99 25 0.587220219515
33 71 0.586996830724
71 33 0.586996830724
16 78 0.586001732318
78 16 0.586001732318
21 33 0.585264856248
33 21 0.585264856248
71 78 0.585135531899
78 71 0.585135531899
80 97 0.584586625984
97 80 0.584586625984
16 61 0.58450291898
61 16 0.58450291898
49 80 0.582789028315
80 49 0.582789028315
3 66 0.581257539001
66 3 0.581257539001
25 41 0.579849347988
41 25 0.579849347988
16 39 0.57968386421
39 16 0.57968386421
38 91 0.579125537173
91 38 0.579125537173
66 74 0.578624871448
74 66 0.578624871448
36 42 0.57735026919
42 36 0.57735026919
9 85 0.577227572287
85 9 0.577227572287
21 80 0.576965027338
80 21 0.576965027338
31 81 0.575355961782
81 31 0.575355961782
61 98 0.574500466991
98 61 0.574500466991
16 21 0.573704227959
21 16 0.573704227959
34 49 0.573640536257
49 34 0.573640536257
34 71 0.572966103221
71 34 0.572966103221
50 85 0.572891899232
85 50 0.572891899232
34 80 0.572825776855
80 34 0.572825776855
25 81 0.571547606649
81 25 0.571547606649
41 43 0.570575592581
43 41 0.570575592581
21 61 0.570558357147
61 21 0.570558357147
71 97 0.569722852548
97 71 0.569722852548
14 36 0.568535243615
36 14 0.568535243615
67 78 0.568169697793
78 67 0.568169697793
1 57 0.567847374878
57 1 0.567847374878
41 101 0.56710558241
101 41 0.56710558241
49 94 0.566827578157
94 49 0.566827578157
66 71 0.566798549134
71 66 0.566798549134
38 80 0.565129572624
80 38 0.565129572624
41 73 0.56508388064
73 41 0.56508388064
23 102 0.56504712424
102 23 0.56504712424
68 105 0.564405460048
105 68 0.564405460048
10 81 0.563601861977
81 10 0.563601861977
34 104 0.5635173069
104 34 0.5635173069
48 66 0.562212438595
66 48 0.562212438595
34 97 0.562018001891
97 34 0.562018001891
35 78 0.561448855144
78 35 0.561448855144
84 92 0.560988489212
92 84 0.560988489212
57 91 0.560294677942
91 57 0.560294677942
68 82 0.559376360693
82 68 0.559376360693
14 27 0.559258940716
27 14 0.559258940716
60 101 0.558998216196
101 60 0.558998216196
16 33 0.558156305651
33 16 0.558156305651
21 97 0.556097986929
97 21 0.556097986929
33 45 0.555979414289
45 33 0.555979414289
57 66 0.555110817188
66 57 0.555110817188
57 87 0.554709082163
87 57 0.554709082163
60 72 0.554088809574
72 60 0.554088809574
67 72 0.553887790284
72 67 0.553887790284
74 84 0.552047767374
84 74 0.552047767374
71 101 0.551999944911
101 71 0.551999944911
49 87 0.551726848833
87 49 0.551726848833
21 91 0.551364400598
91 21 0.551364400598
5 66 0.55070855825
66 5 0.55070855825
16 67 0.549971940923
67 16 0.549971940923
1 94 0.549833398832
94 1 0.549833398832
68 84 0.54960503302
84 68 0.54960503302
1 64 0.549021453718
64 1 0.549021453718
41 45 0.548971641357
45 41 0.548971641357
12 51 0.548556998801
51 12 0.548556998801
59 99 0.548032359968
99 59 0.548032359968
69 102 0.547722557505
102 69 0.547722557505
35 68 0.547586815272
68 35 0.547586815272
21 67 0.546970988744
67 21 0.546970988744
1 71 0.546524861242
71 1 0.546524861242
14 102 0.546230993599
102 14 0.546230993599
18 105 0.546204965488
105 18 0.546204965488
43 78 0.54576074014
78 43 0.54576074014
1 48 0.545563941339
48 1 0.545563941339
65 98 0.544847674316
98 65 0.544847674316
39 80 0.544661448101
80 39 0.544661448101
50 69 0.543492976389
69 50 0.543492976389
41 99 0.54334988523
99 41 0.54334988523
33 41 0.543182674922
41 33 0.543182674922
39 67 0.542838410136
67 39 0.542838410136
2 41 0.542645318818
41 2 0.542645318818
39 41 0.542024811078
41 39 0.542024811078
47 102 0.541331961961
102 47 0.541331961961
41 87 0.54058990272
87 41 0.54058990272
6 97 0.539473684211
97 6 0.539473684211
21 64 0.539206927836
64 21 0.539206927836
82 84 0.538894878207
84 82 0.538894878207
69 83 0.538299814013
83 69 0.538299814013
66 92 0.538230741765
92 66 0.538230741765
45 97 0.538027586849
97 45 0.538027586849
11 66 0.537651869178
66 11 0.537651869178
81 102 0.537483849887
102 81 0.537483849887
55 62 0.537430772925
55 63 0.537430772925
62 55 0.537430772925
63 55 0.537430772925
100 102 0.53708615553
102 100 0.53708615553
16 101 0.537023691842
101 16 0.537023691842
44 87 0.536056267419
87 44 0.536056267419
8 33 0.535891301646
33 8 0.535891301646
33 66 0.534837797023
66 33 0.534837797023
101 104 0.534793963121
104 101 0.534793963121
39 57 0.534485936311
57 39 0.534485936311
61 72 0.5343227804
72 61 0.5343227804
24 34 0.53421707085
34 24 0.53421707085
71 80 0.534039592324
80 71 0.534039592324
66 72 0.53191162446
72 66 0.53191162446
89 99 0.531901311912
99 89 0.531901311912
16 34 0.531843156257
34 16 0.531843156257
33 61 0.530770038614
61 33 0.530770038614
48 71 0.52915964352
71 48 0.52915964352
49 71 0.528408889629
71 49 0.528408889629
39 60 0.528011922221
60 39 0.528011922221
34 41 0.525809581564
41 34 0.525809581564
14 100 0.524404424085
100 14 0.524404424085
24 33 0.523738673197
33 24 0.523738673197
47 50 0.523722936566
47 81 0.523722936566
50 47 0.523722936566
81 47 0.523722936566
2 99 0.523323225772
99 2 0.523323225772
34 39 0.523177278014
39 34 0.523177278014
69 105 0.522630421141
105 69 0.522630421141
45 80 0.52232594979
80 45 0.52232594979
48 84 0.521750008394
84 48 0.521750008394
21 71 0.520840397731
71 21 0.520840397731
78 104 0.520232416471
104 78 0.520232416471
33 67 0.519970111446
67 33 0.519970111446
10 95 0.519462481649
95 10 0.519462481649
3 64 0.519244975851
64 3 0.519244975851
87 97 0.518775173184
97 87 0.518775173184
66 76 0.51814356709
76 66 0.51814356709
1 104 0.518059288864
104 1 0.518059288864
20 28 0.517933951478
28 20 0.517933951478
27 100 0.517549169507
100 27 0.517549169507
2 17 0.517394979503
17 2 0.517394979503
94 104 0.517152599175
104 94 0.517152599175
65 92 0.516963875757
92 65 0.516963875757
21 41 0.516596811501
41 21 0.516596811501
24 68 0.516439155864
68 24 0.516439155864
36 50 0.516397779494
50 36 0.516397779494
51 82 0.516260128478
82 51 0.516260128478
47 85 0.515687954032
85 47 0.515687954032
45 57 0.514189962975
57 45 0.514189962975
35 84 0.514104697428
84 35 0.514104697428
38 45 0.514038679708
45 38 0.514038679708
5 64 0.514021970534
64 5 0.514021970534
41 71 0.513913173549
71 41 0.513913173549
33 43 0.513819996702
43 33 0.513819996702
68 104 0.513043871135
104 68 0.513043871135
16 28 0.512834722552
28 16 0.512834722552
55 102 0.512812695375
102 55 0.512812695375
1 21 0.512753543281
21 1 0.512753543281
67 84 0.511584576363
84 67 0.511584576363
24 93 0.511405388446
93 24 0.511405388446
91 101 0.511185170406
101 91 0.511185170406
38 43 0.511038857902
43 38 0.511038857902
12 19 0.510112785336
19 12 0.510112785336
66 78 0.509490137485
78 66 0.509490137485
64 71 0.509416861162
71 64 0.509416861162
35 51 0.507932806194
51 35 0.507932806194
21 93 0.507901632406
93 21 0.507901632406
57 104 0.507816864359
104 57 0.507816864359
3 98 0.507674624372
98 3 0.507674624372
24 53 0.507462558397
53 24 0.507462558397
18 68 0.507427856043
68 18 0.507427856043
25 87 0.507150516208
87 25 0.507150516208
36 47 0.507092552837
47 36 0.507092552837
16 49 0.506930110732
49 16 0.506930110732
34 103 0.506552247405
103 34 0.506552247405
40 58 0.506520366385
58 40 0.506520366385
14 43 0.506351701345
43 14 0.506351701345
51 53 0.506198639726
53 51 0.506198639726
1 67 0.505617371376
67 1 0.505617371376
27 89 0.50512325393
89 27 0.50512325393
35 104 0.504575948951
104 35 0.504575948951
33 68 0.504278677981
68 33 0.504278677981
35 91 0.504016128774
91 35 0.504016128774
21 45 0.503937639005
45 21 0.503937639005
1 97 0.503893509316
97 1 0.503893509316
57 61 0.502787974652
61 57 0.502787974652
91 97 0.50259302157
97 91 0.50259302157
74 92 0.502506250091
92 74 0.502506250091
44 47 0.502211856459
47 44 0.502211856459
49 91 0.502004502966
91 49 0.502004502966
81 85 0.501280411828
85 81 0.501280411828
28 87 0.500319182924
87 28 0.500319182924
68 83 0.500173220168
83 68 0.500173220168
48 65 0.500078579363
65 48 0.500078579363
65 72 0.499829345902
72 65 0.499829345902
21 104 0.499079033631
104 21 0.499079033631
48 61 0.498391929426
61 48 0.498391929426
34 73 0.498304334751
73 34 0.498304334751
11 84 0.498002324023
84 11 0.498002324023
38 39 0.497757518006
39 38 0.497757518006
11 98 0.497504566715
98 11 0.497504566715
89 96 0.497395492642
96 89 0.497395492642
61 93 0.497267218176
93 61 0.497267218176
57 60 0.496868241954
60 57 0.496868241954
7 35 0.496634291581
35 7 0.496634291581
35 66 0.496394316978
66 35 0.496394316978
50 102 0.496138938357
102 50 0.496138938357
34 67 0.495728507599
67 34 0.495728507599
36 99 0.495187568472
99 36 0.495187568472
21 94 0.494933548791
94 21 0.494933548791
27 102 0.494166211107
102 27 0.494166211107
60 80 0.494078595749
80 60 0.494078595749
34 66 0.493802007231
66 34 0.493802007231
80 87 0.493728474232
87 80 0.493728474232
21 66 0.493398985934
66 21 0.493398985934
24 39 0.492997935584
39 24 0.492997935584
1 34 0.49273268826
34 1 0.49273268826
34 68 0.492460640577
68 34 0.492460640577
18 53 0.492181519526
53 18 0.492181519526
10 47 0.491952037014
47 10 0.491952037014
2 82 0.491726111842
82 2 0.491726111842
53 104 0.49167872683
104 53 0.49167872683
61 92 0.491388985279
92 61 0.491388985279
98 101 0.491337519437
101 98 0.491337519437
65 74 0.491275901674
74 65 0.491275901674
60 78 0.491003140896
78 60 0.491003140896
17 59 0.490625103192
59 17 0.490625103192
2 40 0.490290337845
40 2 0.490290337845
34 43 0.489955934939
43 34 0.489955934939
47 58 0.4898053665
58 47 0.4898053665
48 60 0.489447998109
60 48 0.489447998109
43 51 0.488677777425
51 43 0.488677777425
85 102 0.488527150853
102 85 0.488527150853
57 103 0.488429006253
103 57 0.488429006253
24 35 0.487157719166
35 24 0.487157719166
27 44 0.487108016802
44 27 0.487108016802
40 93 0.487106693806
93 40 0.487106693806
1 101 0.486928976136
101 1 0.486928976136
33 73 0.486303501028
73 33 0.486303501028
18 84 0.485736514601
84 18 0.485736514601
1 33 0.485404289075
33 1 0.485404289075
25 49 0.485340659285
49 25 0.485340659285
58 87 0.484928644969
87 58 0.484928644969
78 103 0.48443603241
103 78 0.48443603241
39 97 0.484149185763
97 39 0.484149185763
7 103 0.483958163704
103 7 0.483958163704
35 38 0.483947620176
38 35 0.483947620176
21 103 0.483917031373
103 21 0.483917031373
80 94 0.483486089856
94 80 0.483486089856
45 77 0.483372881519
77 45 0.483372881519
7 24 0.482783709851
24 7 0.482783709851
42 99 0.482450640677
99 42 0.482450640677
61 101 0.482265711452
101 61 0.482265711452
16 57 0.482118318744
57 16 0.482118318744
41 94 0.481899650772
94 41 0.481899650772
57 64 0.481084686138
64 57 0.481084686138
5 74 0.480839155754
74 5 0.480839155754
43 97 0.480339192791
97 43 0.480339192791
41 59 0.480213949054
59 41 0.480213949054
1 6 0.479898580301
6 1 0.479898580301
33 48 0.479692219984
48 33 0.479692219984
44 81 0.479463301485
81 44 0.479463301485
81 99 0.479463301485
99 81 0.479463301485
66 80 0.479138542626
80 66 0.479138542626
34 61 0.479129645703
61 34 0.479129645703
101 103 0.478267205443
103 101 0.478267205443
23 27 0.478091443734
27 23 0.478091443734
26 84 0.478049640715
84 26 0.478049640715
57 67 0.478013892335
67 57 0.478013892335
33 103 0.477673785434
103 33 0.477673785434
25 57 0.477441921241
57 25 0.477441921241
14 23 0.477084298221
23 14 0.477084298221
23 96 0.477054265531
96 23 0.477054265531
28 38 0.476920937789
38 28 0.476920937789
73 80 0.476399237428
80 73 0.476399237428
84 98 0.475976086973
98 84 0.475976086973
71 94 0.475631685233
94 71 0.475631685233
7 78 0.475559606041
78 7 0.475559606041
23 89 0.475443489416
89 23 0.475443489416
71 91 0.475366797161
91 71 0.475366797161
39 94 0.47494102842
94 39 0.47494102842
73 78 0.474722370693
78 73 0.474722370693
38 87 0.474094900591
87 38 0.474094900591
60 93 0.473374391623
93 60 0.473374391623
48 67 0.472838932631
67 48 0.472838932631
35 43 0.472455591262
43 35 0.472455591262
68 78 0.472221599988
78 68 0.472221599988
66 101 0.470761425811
101 66 0.470761425811
53 84 0.470716235713
84 53 0.470716235713
21 24 0.469682972058
24 21 0.469682972058
28 78 0.469388411472
78 28 0.469388411472
34 45 0.469261772969
45 34 0.469261772969
24 82 0.469244580353
82 24 0.469244580353
38 103 0.469079358662
103 38 0.469079358662
35 69 0.468831149065
69 35 0.468831149065
21 72 0.468791591461
72 21 0.468791591461
47 95 0.468509481
95 47 0.468509481
82 96 0.468457989085
96 82 0.468457989085
30 91 0.468353326784
91 30 0.468353326784
28 39 0.468083100861
39 28 0.468083100861
28 49 0.467833222985
49 28 0.467833222985
33 60 0.467121301709
60 33 0.467121301709
7 33 0.466938638436
33 7 0.466938638436
19 81 0.466666666667
81 19 0.466666666667
16 93 0.466594270579
93 16 0.466594270579
27 58 0.466569474816
58 27 0.466569474816
67 77 0.466131453052
77 67 0.466131453052
52 69 0.465709730917
69 52 0.465709730917
14 89 0.465285381522
89 14 0.465285381522
41 103 0.465115622304
103 41 0.465115622304
45 87 0.465012299255
87 45 0.465012299255
33 84 0.46487549645
84 33 0.46487549645
38 104 0.464148226674
104 38 0.464148226674
18 59 0.463743345354
59 18 0.463743345354
64 76 0.463683008304
76 64 0.463683008304
74 76 0.463492367602
76 74 0.463492367602
23 99 0.463481191436
99 23 0.463481191436
16 73 0.463205555853
73 16 0.463205555853
27 36 0.462910049886
36 27 0.462910049886
5 84 0.462769671462
84 5 0.462769671462
35 71 0.462510127522
71 35 0.462510127522
49 67 0.462432660243
67 49 0.462432660243
4 33 0.462296754028
33 4 0.462296754028
42 102 0.462250163521
102 42 0.462250163521
36 85 0.462250163521
85 36 0.462250163521
16 45 0.462173448975
45 16 0.462173448975
50 100 0.461880215352
100 50 0.461880215352
28 33 0.46168053895
33 28 0.46168053895
49 60 0.460803367598
60 49 0.460803367598
19 62 0.460739299121
19 63 0.460739299121
62 19 0.460739299121
63 19 0.460739299121
35 64 0.460573928837
64 35 0.460573928837
76 95 0.460566186472
95 76 0.460566186472
35 57 0.460544946104
57 35 0.460544946104
73 101 0.460506738121
101 73 0.460506738121
26 105 0.460495181393
105 26 0.460495181393
34 48 0.459633472115
48 34 0.459633472115
47 69 0.45957457633
69 47 0.45957457633
57 73 0.458776717849
73 57 0.458776717849
6 78 0.45846143646
78 6 0.45846143646
6 49 0.456974805967
49 6 0.456974805967
99 100 0.456750139196
100 99 0.456750139196
73 100 0.456750139196
100 73 0.456750139196
61 78 0.4564551127
78 61 0.4564551127
1 3 0.455941827577
3 1 0.455941827577
36 59 0.455883308808
59 36 0.455883308808
19 95 0.455420034043
95 19 0.455420034043
66 105 0.455274234679
105 66 0.455274234679
4 24 0.455223150456
24 4 0.455223150456
39 61 0.455185767979
61 39 0.455185767979
24 103 0.455051672947
103 24 0.455051672947
16 48 0.454988507925
48 16 0.454988507925
40 55 0.454805485915
55 40 0.454805485915
2 36 0.454545454545
36 2 0.454545454545
39 91 0.454137636888
91 39 0.454137636888
21 98 0.454094896237
98 21 0.454094896237
7 84 0.454011078219
84 7 0.454011078219
65 105 0.453258021907
105 65 0.453258021907
26 68 0.453095788472
68 26 0.453095788472
45 94 0.453069670017
94 45 0.453069670017
43 101 0.453059508769
101 43 0.453059508769
72 84 0.452223039294
84 72 0.452223039294
67 101 0.451834314569
101 67 0.451834314569
18 82 0.451530807971
82 18 0.451530807971
18 51 0.451131288915
51 18 0.451131288915
80 98 0.451007209795
98 80 0.451007209795
28 80 0.450647927297
80 28 0.450647927297
48 57 0.450638235417
57 48 0.450638235417
33 64 0.45055967982
64 33 0.45055967982
49 103 0.450489157859
103 49 0.450489157859
25 44 0.450202168295
44 25 0.450202168295
6 101 0.450141746633
101 6 0.450141746633
51 84 0.450023374397
84 51 0.450023374397
53 105 0.449541589917
105 53 0.449541589917
60 104 0.448913387243
104 60 0.448913387243
26 53 0.448627504777
53 26 0.448627504777
67 97 0.448006817587
97 67 0.448006817587
28 34 0.447914008765
34 28 0.447914008765
19 42 0.4472135955
42 19 0.4472135955
42 50 0.4472135955
50 42 0.4472135955
81 87 0.4472135955
87 81 0.4472135955
36 100 0.4472135955
100 36 0.4472135955
58 82 0.4472135955
82 58 0.4472135955
23 55 0.446708326335
55 23 0.446708326335
33 53 0.446396766333
53 33 0.446396766333
1 80 0.446228821217
80 1 0.446228821217
4 18 0.446215402803
18 4 0.446215402803
80 104 0.445851765331
104 80 0.445851765331
2 14 0.445783316016
14 2 0.445783316016
1 72 0.445669259152
72 1 0.445669259152
20 24 0.44556639434
24 20 0.44556639434
27 42 0.445435403187
42 27 0.445435403187
78 93 0.445126578526
93 78 0.445126578526
91 94 0.444890335323
94 91 0.444890335323
80 91 0.444696658258
91 80 0.444696658258
26 51 0.444456638209
51 26 0.444456638209
42 87 0.444444444444
87 42 0.444444444444
3 16 0.444303418122
16 3 0.444303418122
7 82 0.444203214373
82 7 0.444203214373
45 60 0.443812682299
60 45 0.443812682299
71 87 0.443291538626
87 71 0.443291538626
34 64 0.443012749862
64 34 0.443012749862
17 23 0.442902862665
23 17 0.442902862665
2 18 0.442834549834
18 2 0.442834549834
23 100 0.442635206379
100 23 0.442635206379
76 84 0.442487900887
84 76 0.442487900887
48 91 0.442240419634
91 48 0.442240419634
8 78 0.441133154326
78 8 0.441133154326
43 73 0.44102642817
73 43 0.44102642817
14 50 0.440385506051
14 81 0.440385506051
50 14 0.440385506051
81 14 0.440385506051
2 89 0.440196346385
89 2 0.440196346385
39 87 0.439983338225
87 39 0.439983338225
8 34 0.439836210715
34 8 0.439836210715
8 38 0.439798673739
38 8 0.439798673739
6 38 0.439758692794
38 6 0.439758692794
7 104 0.439701426862
104 7 0.439701426862
31 47 0.439435374402
47 31 0.439435374402
91 103 0.439041100604
103 91 0.439041100604
23 40 0.438853725736
40 23 0.438853725736
23 80 0.438620360349
80 23 0.438620360349
41 91 0.438495096466
91 41 0.438495096466
16 64 0.438408584274
64 16 0.438408584274
24 30 0.438379368342
30 24 0.438379368342
57 98 0.43837724325
98 57 0.43837724325
27 81 0.438250490089
81 27 0.438250490089
4 78 0.43816204284
78 4 0.43816204284
57 72 0.438026233285
72 57 0.438026233285
6 57 0.437624971333
57 6 0.437624971333
36 96 0.437594974494
96 36 0.437594974494
23 77 0.437436998508
77 23 0.437436998508
97 103 0.4373130693
103 97 0.4373130693
71 84 0.437267114431
84 71 0.437267114431
34 84 0.437114370378
84 34 0.437114370378
59 89 0.43691013805
89 59 0.43691013805
4 83 0.436698172831
83 4 0.436698172831
65 76 0.436616452065
76 65 0.436616452065
19 47 0.436435780472
47 19 0.436435780472
16 24 0.436435780472
24 16 0.436435780472
1 78 0.43618152133
78 1 0.43618152133
41 93 0.436054327272
93 41 0.436054327272
43 94 0.435808471987
94 43 0.435808471987
16 66 0.435719933637
66 16 0.435719933637
2 27 0.434854895348
27 2 0.434854895348
43 49 0.434372242763
49 43 0.434372242763
85 100 0.434121571062
100 85 0.434121571062
3 76 0.434088180948
76 3 0.434088180948
61 80 0.434057366141
80 61 0.434057366141
48 78 0.433436085918
78 48 0.433436085918
36 44 0.433289122413
44 36 0.433289122413
35 103 0.432635214666
103 35 0.432635214666
34 72 0.432547506215
72 34 0.432547506215
64 78 0.43214425646
78 64 0.43214425646
67 91 0.432013824664
91 67 0.432013824664
41 60 0.431056404854
60 41 0.431056404854
60 77 0.430867445369
77 60 0.430867445369
14 42 0.430820218428
42 14 0.430820218428
23 36 0.430331482912
36 23 0.430331482912
36 81 0.430331482912
81 36 0.430331482912
24 61 0.430039038785
61 24 0.430039038785
69 82 0.429924603663
82 69 0.429924603663
67 74 0.429796783056
74 67 0.429796783056
14 58 0.42977224748
58 14 0.42977224748
24 69 0.429668924424
69 24 0.429668924424
16 23 0.429374125813
23 16 0.429374125813
31 42 0.428845013935
42 31 0.428845013935
7 69 0.428703458504
69 7 0.428703458504
84 104 0.428487539252
104 84 0.428487539252
21 65 0.427227499422
65 21 0.427227499422
89 100 0.426995996931
100 89 0.426995996931
2 100 0.426885704795
100 2 0.426885704795
35 94 0.426703547521
94 35 0.426703547521
67 71 0.426234823403
71 67 0.426234823403
49 61 0.426182024965
61 49 0.426182024965
87 101 0.425860875849
101 87 0.425860875849
1 98 0.425435629812
98 1 0.425435629812
25 38 0.425420857485
38 25 0.425420857485
7 39 0.425185364091
39 7 0.425185364091
12 47 0.425023718503
47 12 0.425023718503
16 65 0.424974273874
65 16 0.424974273874
7 34 0.424701863107
34 7 0.424701863107
1 38 0.424489164502
38 1 0.424489164502
5 76 0.424264970541
76 5 0.424264970541
14 41 0.42420535923
41 14 0.42420535923
96 100 0.424013247485
100 96 0.424013247485
53 69 0.423968400434
69 53 0.423968400434
40 102 0.423950147789
102 40 0.423950147789
72 101 0.423741826683
101 72 0.423741826683
68 94 0.423585123597
94 68 0.423585123597
43 71 0.422891753565
71 43 0.422891753565
64 98 0.422810905489
98 64 0.422810905489
64 93 0.422614539097
93 64 0.422614539097
34 60 0.422453980887
60 34 0.422453980887
38 66 0.422294547222
66 38 0.422294547222
80 103 0.422276518701
103 80 0.422276518701
2 102 0.42215604185
102 2 0.42215604185
2 73 0.422034859493
73 2 0.422034859493
23 47 0.421887921123
47 23 0.421887921123
53 83 0.421678609068
83 53 0.421678609068
7 18 0.421200016207
18 7 0.421200016207
35 53 0.420812969153
53 35 0.420812969153
10 42 0.420084025208
42 10 0.420084025208
69 84 0.419428233234
84 69 0.419428233234
67 80 0.419313934689
80 67 0.419313934689
24 51 0.418953921165
51 24 0.418953921165
37 44 0.418721660585
44 37 0.418721660585
16 91 0.418620610536
91 16 0.418620610536
59 100 0.418484806987
100 59 0.418484806987
53 93 0.41814959593
93 53 0.41814959593
5 71 0.417787783599
71 5 0.417787783599
39 71 0.417743831383
71 39 0.417743831383
7 83 0.417629915401
83 7 0.417629915401
25 71 0.417313832472
71 25 0.417313832472
48 73 0.416716563879
73 48 0.416716563879
36 43 0.416666666667
43 36 0.416666666667
21 28 0.416529736181
28 21 0.416529736181
55 76 0.416512659392
76 55 0.416512659392
44 102 0.416290723415
99 102 0.416290723415
102 44 0.416290723415
102 99 0.416290723415
21 43 0.416055398043
43 21 0.416055398043
38 67 0.416025147169
67 38 0.416025147169
82 100 0.41576092031
100 82 0.41576092031
1 16 0.415502575551
16 1 0.415502575551
27 41 0.415376345203
41 27 0.415376345203
73 97 0.415363964771
97 73 0.415363964771
28 57 0.415083697102
57 28 0.415083697102
24 77 0.414989174434
77 24 0.414989174434
40 96 0.414793936576
96 40 0.414793936576
40 82 0.414370965082
82 40 0.414370965082
61 103 0.414230723963
103 61 0.414230723963
24 67 0.414047322398
67 24 0.414047322398
73 99 0.413793103448
99 73 0.413793103448
66 94 0.413752267063
94 66 0.413752267063
6 39 0.413063789441
39 6 0.413063789441
76 79 0.412861411922
79 76 0.412861411922
66 104 0.411808031486
104 66 0.411808031486
43 80 0.411691551886
80 43 0.411691551886
71 74 0.411260396332
74 71 0.411260396332
13 76 0.410940868549
76 13 0.410940868549
45 61 0.410661601871
61 45 0.410661601871
6 80 0.410176427561
80 6 0.410176427561
26 82 0.409960030845
82 26 0.409960030845
6 45 0.409925780456
45 6 0.409925780456
49 66 0.409912042095
66 49 0.409912042095
18 26 0.409691064507
26 18 0.409691064507
67 104 0.409267158594
104 67 0.409267158594
3 11 0.40921920653
11 3 0.40921920653
28 45 0.409100584274
45 28 0.409100584274
2 43 0.409090909091
43 2 0.409090909091
4 64 0.409026857804
64 4 0.409026857804
38 73 0.408789375248
73 38 0.408789375248
7 93 0.408659074215
93 7 0.408659074215
3 67 0.408420947816
67 3 0.408420947816
97 104 0.40835464667
104 97 0.40835464667
66 82 0.408214660719
82 66 0.408214660719
49 93 0.40809779991
93 49 0.40809779991
15 69 0.407921561087
69 15 0.407921561087
77 78 0.407920729427
78 77 0.407920729427
64 101 0.407691353874
101 64 0.407691353874
94 103 0.4076591537
103 94 0.4076591537
18 35 0.407255225771
35 18 0.407255225771
5 65 0.407067996745
65 5 0.407067996745
26 50 0.407045789205
50 26 0.407045789205
91 104 0.406903066341
104 91 0.406903066341
45 103 0.406403946553
103 45 0.406403946553
96 99 0.406296733866
99 96 0.406296733866
24 84 0.406296155686
84 24 0.406296155686
10 31 0.4053396142
10 44 0.4053396142
31 10 0.4053396142
44 10 0.4053396142
10 99 0.4053396142
99 10 0.4053396142
69 103 0.405211354939
103 69 0.405211354939
25 102 0.405095746833
102 25 0.405095746833
7 61 0.404949757611
61 7 0.404949757611
43 91 0.404812904813
91 43 0.404812904813
14 96 0.404280768821
96 14 0.404280768821
10 36 0.404226041727
36 10 0.404226041727
26 69 0.404163848321
69 26 0.404163848321
58 89 0.403839088744
89 58 0.403839088744
61 94 0.403732010888
94 61 0.403732010888
65 68 0.403550389948
68 65 0.403550389948
78 87 0.403542860474
87 78 0.403542860474
21 73 0.403093293078
73 21 0.403093293078
33 87 0.401918476234
87 33 0.401918476234
16 98 0.401842520743
98 16 0.401842520743
24 28 0.401791963097
28 24 0.401791963097
35 82 0.401579555143
82 35 0.401579555143
80 93 0.400594562604
93 80 0.400594562604
51 95 0.400189483668
95 51 0.400189483668
49 104 0.400116739923
104 49 0.400116739923
50 81 0.4
81 50 0.4
27 59 0.399851934106
59 27 0.399851934106
23 97 0.399835492487
97 23 0.399835492487
7 105 0.399167576129
105 7 0.399167576129
45 71 0.39900960763
71 45 0.39900960763
5 35 0.398862017609
35 5 0.398862017609
74 105 0.39859295716
105 74 0.39859295716
41 67 0.398136559683
67 41 0.398136559683
23 43 0.398056621694
43 23 0.398056621694
19 87 0.397523196
87 19 0.397523196
67 94 0.397419970731
94 67 0.397419970731
10 41 0.397413069063
41 10 0.397413069063
28 101 0.396744266689
101 28 0.396744266689
6 34 0.396253571443
34 6 0.396253571443
55 77 0.396193910086
77 55 0.396193910086
9 14 0.396177111107
14 9 0.396177111107
14 73 0.395903791232
73 14 0.395903791232
68 71 0.395735500882
71 68 0.395735500882
36 37 0.395593886065
37 36 0.395593886065
65 82 0.395559090146
82 65 0.395559090146
7 21 0.395514464087
21 7 0.395514464087
57 84 0.395350266051
84 57 0.395350266051
67 98 0.395332968886
98 67 0.395332968886
60 74 0.395262876599
74 60 0.395262876599
24 66 0.3952013438
66 24 0.3952013438
68 103 0.394910944223
103 68 0.394910944223
28 43 0.394602593626
43 28 0.394602593626
66 97 0.394583176975
97 66 0.394583176975
16 25 0.394405318873
25 16 0.394405318873
64 105 0.39427905292
105 64 0.39427905292
10 62 0.393444737682
10 63 0.393444737682
62 10 0.393444737682
63 10 0.393444737682
74 89 0.393434489686
89 74 0.393434489686
38 48 0.39342577307
48 38 0.39342577307
35 97 0.393296307606
97 35 0.393296307606
39 53 0.393252509708
53 39 0.393252509708
87 99 0.393107929441
99 87 0.393107929441
41 81 0.39285862539
81 41 0.39285862539
50 82 0.392792202425
82 50 0.392792202425
3 93 0.392391868231
93 3 0.392391868231
30 50 0.392078423528
50 30 0.392078423528
4 84 0.392009401205
84 4 0.392009401205
59 102 0.391893408641
102 59 0.391893408641
51 104 0.391425762288
104 51 0.391425762288
6 41 0.391258604151
41 6 0.391258604151
41 89 0.391124859377
89 41 0.391124859377
21 35 0.390693563389
35 21 0.390693563389
69 104 0.390285696125
104 69 0.390285696125
36 41 0.39013715732
41 36 0.39013715732
66 68 0.389964076214
68 66 0.389964076214
49 77 0.38959806907
77 49 0.38959806907
20 67 0.389596861237
67 20 0.389596861237
4 7 0.389147065069
7 4 0.389147065069
33 65 0.389071069429
65 33 0.389071069429
53 61 0.38895185196
61 53 0.38895185196
4 68 0.388849212422
68 4 0.388849212422
24 104 0.388769744439
104 24 0.388769744439
61 104 0.388389760936
104 61 0.388389760936
74 96 0.38837442915
96 74 0.38837442915
58 62 0.388321581674
58 63 0.388321581674
62 58 0.388321581674
63 58 0.388321581674
53 78 0.38822039038
78 53 0.38822039038
12 27 0.387991796832
27 12 0.387991796832
44 48 0.387977490508
48 44 0.387977490508
16 38 0.387562838487
38 16 0.387562838487
77 93 0.387433935004
93 77 0.387433935004
33 105 0.387324964127
105 33 0.387324964127
43 50 0.387298334621
50 43 0.387298334621
9 42 0.386226967881
42 9 0.386226967881
60 71 0.386130270278
71 60 0.386130270278
58 96 0.385922492494
96 58 0.385922492494
18 69 0.385885840944
69 18 0.385885840944
10 51 0.385195753115
51 10 0.385195753115
8 71 0.385109524181
71 8 0.385109524181
21 84 0.384996367939
84 21 0.384996367939
41 77 0.384914907125
77 41 0.384914907125
71 104 0.38437656599
104 71 0.38437656599
85 95 0.384371106798
95 85 0.384371106798
83 105 0.384171655511
105 83 0.384171655511
24 60 0.384060764646
60 24 0.384060764646
71 103 0.383727156251
103 71 0.383727156251
28 50 0.383570641188
50 28 0.383570641188
31 50 0.383570641188
50 31 0.383570641188
20 60 0.383513220957
60 20 0.383513220957
6 33 0.383512186563
33 6 0.383512186563
10 25 0.383482494424
25 10 0.383482494424
34 69 0.383442266877
69 34 0.383442266877
20 41 0.383219745167
41 20 0.383219745167
12 14 0.382919790534
14 12 0.382919790534
8 57 0.382636060757
57 8 0.382636060757
11 65 0.382554121476
65 11 0.382554121476
47 76 0.382518426119
76 47 0.382518426119
7 26 0.382421683278
26 7 0.382421683278
16 72 0.382288008399
72 16 0.382288008399
48 92 0.381930201319
92 48 0.381930201319
6 21 0.381798617892
21 6 0.381798617892
16 94 0.381593346952
94 16 0.381593346952
7 49 0.381262640283
49 7 0.381262640283
19 25 0.381031737766
25 19 0.381031737766
35 67 0.380952380952
67 35 0.380952380952
3 26 0.380158851618
26 3 0.380158851618
16 84 0.379976099592
84 16 0.379976099592
16 77 0.379544819162
77 16 0.379544819162
72 91 0.379348420444
91 72 0.379348420444
44 99 0.379310344828
99 44 0.379310344828
34 53 0.379247674928
53 34 0.379247674928
24 48 0.379094414164
48 24 0.379094414164
35 65 0.37907014915
65 35 0.37907014915
12 62 0.378765755386
12 63 0.378765755386
62 12 0.378765755386
63 12 0.378765755386
50 51 0.378528178726
51 50 0.378528178726
79 95 0.378489059623
95 79 0.378489059623
4 104 0.378433035735
104 4 0.378433035735
16 97 0.378102592682
97 16 0.378102592682
23 50 0.377777777778
50 23 0.377777777778
39 64 0.37777327089
64 39 0.37777327089
2 7 0.377467983336
7 2 0.377467983336
5 60 0.377191054363
60 5 0.377191054363
61 71 0.3769520045
71 61 0.3769520045
37 42 0.376853790405
42 37 0.376853790405
66 91 0.376298658297
91 66 0.376298658297
35 48 0.376042744655
48 35 0.376042744655
30 42 0.375734574651
42 30 0.375734574651
39 104 0.375638682407
104 39 0.375638682407
41 96 0.375588530695
96 41 0.375588530695
23 60 0.375549613062
60 23 0.375549613062
26 65 0.375470680431
65 26 0.375470680431
41 66 0.375293735997
66 41 0.375293735997
15 80 0.375205072132
80 15 0.375205072132
41 102 0.374831656395
102 41 0.374831656395
23 57 0.3746415263
57 23 0.3746415263
33 93 0.374092093949
93 33 0.374092093949
72 98 0.374030274301
98 72 0.374030274301
61 74 0.373957115445
74 61 0.373957115445
78 84 0.373733468517
84 78 0.373733468517
61 76 0.373724020225
76 61 0.373724020225
39 43 0.373709118372
43 39 0.373709118372
38 60 0.373488312135
60 38 0.373488312135
47 55 0.373326696473
55 47 0.373326696473
39 103 0.373110075672
103 39 0.373110075672
43 45 0.373101253622
45 43 0.373101253622
40 100 0.372749658205
100 40 0.372749658205
15 27 0.372635402045
27 15 0.372635402045
27 99 0.37249436579
99 27 0.37249436579
65 104 0.372485441364
104 65 0.372485441364
4 21 0.372218639197
21 4 0.372218639197
45 93 0.372213464336
93 45 0.372213464336
41 42 0.37165555812
42 41 0.37165555812
31 36 0.371390676354
36 31 0.371390676354
36 73 0.371390676354
73 36 0.371390676354
71 83 0.370789205471
83 71 0.370789205471
50 55 0.370672866533
55 50 0.370672866533
26 90 0.370642825761
90 26 0.370642825761
87 94 0.370631620058
94 87 0.370631620058
33 83 0.370584588634
83 33 0.370584588634
47 83 0.370513342918
83 47 0.370513342918
45 91 0.370045746734
91 45 0.370045746734
35 83 0.369862955953
83 35 0.369862955953
34 65 0.369617741044
65 34 0.369617741044
33 72 0.369573611455
72 33 0.369573611455
60 94 0.369529281464
94 60 0.369529281464
76 105 0.369500017334
105 76 0.369500017334
71 72 0.369451090047
72 71 0.369451090047
27 95 0.369367500896
95 27 0.369367500896
82 89 0.368889867331
89 82 0.368889867331
25 34 0.368672201175
34 25 0.368672201175
83 102 0.368548688545
102 83 0.368548688545
11 51 0.3683927071
51 11 0.3683927071
14 59 0.368316560889
59 14 0.368316560889
38 72 0.368248982403
72 38 0.368248982403
2 93 0.36814721397
93 2 0.36814721397
24 41 0.367920231577
41 24 0.367920231577
16 43 0.36748420763
43 16 0.36748420763
24 57 0.367423461417
57 24 0.367423461417
67 93 0.367346938776
93 67 0.367346938776
35 61 0.367262716692
61 35 0.367262716692
5 18 0.367179011501
18 5 0.367179011501
43 104 0.367120181579
104 43 0.367120181579
45 67 0.367097128056
67 45 0.367097128056
1 74 0.367010670934
74 1 0.367010670934
53 82 0.366857788216
82 53 0.366857788216
39 66 0.366420599397
66 39 0.366420599397
41 100 0.366396745813
100 41 0.366396745813
34 105 0.366381201224
105 34 0.366381201224
39 68 0.366088266073
68 39 0.366088266073
61 97 0.365943917041
97 61 0.365943917041
1 49 0.365920944839
49 1 0.365920944839
35 72 0.365724952436
72 35 0.365724952436
64 80 0.365591321451
80 64 0.365591321451
28 91 0.365541638743
91 28 0.365541638743
20 23 0.365297503133
23 20 0.365297503133
18 66 0.365135142628
66 18 0.365135142628
71 82 0.36501320662
82 71 0.36501320662
72 78 0.364948353923
78 72 0.364948353923
45 66 0.364891363952
66 45 0.364891363952
20 53 0.364883703885
53 20 0.364883703885
7 57 0.364820135793
57 7 0.364820135793
1 68 0.364735074003
68 1 0.364735074003
60 73 0.364254382988
73 60 0.364254382988
11 82 0.364071235484
82 11 0.364071235484
4 66 0.363882917823
66 4 0.363882917823
36 89 0.363730314384
89 36 0.363730314384
23 82 0.363696483727
82 23 0.363696483727
58 102 0.363136519601
102 58 0.363136519601
61 68 0.363053262845
68 61 0.363053262845
7 94 0.362998981223
94 7 0.362998981223
5 61 0.36297700432
61 5 0.36297700432
49 73 0.362974052316
73 49 0.362974052316
