70 75 1.0
75 70 1.0
62 63 1.0
63 62 1.0
65 84 0.865050168341
84 65 0.865050168341
32 88 0.77976100088
88 32 0.77976100088
32 86 0.768418962118
86 32 0.768418962118
32 54 0.754330861569
54 32 0.754330861569
86 88 0.670547817087
88 86 0.670547817087
54 88 0.647136709611
88 54 0.647136709611
54 86 0.644445177614
86 54 0.644445177614
66 84 0.633368035551
84 66 0.633368035551
13 32 0.628469783146
32 13 0.628469783146
86 87 0.621110984739
87 86 0.621110984739
65 66 0.619431719226
66 65 0.619431719226
64 65 0.546087818411
65 64 0.546087818411
13 54 0.543929021721
54 13 0.543929021721
13 88 0.543686547312
88 13 0.543686547312
64 84 0.534559051255
84 64 0.534559051255
7 68 0.530437975126
68 7 0.530437975126
13 86 0.525228369888
86 13 0.525228369888
64 72 0.511925205412
72 64 0.511925205412
33 34 0.49182367859
34 33 0.49182367859
61 65 0.478175679269
65 61 0.478175679269
4 53 0.470399923637
53 4 0.470399923637
61 84 0.455786532597
84 61 0.455786532597
60 65 0.455562487608
65 60 0.455562487608
16 80 0.453862465735
80 16 0.453862465735
64 66 0.451538119574
66 64 0.451538119574
33 78 0.443241821552
78 33 0.443241821552
34 78 0.434923044945
78 34 0.434923044945
78 91 0.433120071951
91 78 0.433120071951
3 65 0.421833912242
65 3 0.421833912242
61 64 0.417234681082
64 61 0.417234681082
65 67 0.414142802287
67 65 0.414142802287
60 61 0.41085936378
61 60 0.41085936378
34 35 0.401982759608
35 34 0.401982759608
1 65 0.394023828049
65 1 0.394023828049
6 94 0.3938313361
94 6 0.3938313361
60 66 0.391592832762
66 60 0.391592832762
3 84 0.389874096618
84 3 0.389874096618
60 84 0.389608613605
84 60 0.389608613605
1 97 0.389102127609
97 1 0.389102127609
72 74 0.38839635401
74 72 0.38839635401
61 66 0.387628181059
66 61 0.387628181059
32 90 0.386660600832
90 32 0.386660600832
8 29 0.383811131042
29 8 0.383811131042
24 78 0.383368234884
78 24 0.383368234884
64 92 0.381519609386
92 64 0.381519609386
60 67 0.377624522138
67 60 0.377624522138
33 35 0.372781199925
35 33 0.372781199925
61 67 0.370926208472
67 61 0.370926208472
64 67 0.370908269761
67 64 0.370908269761
88 90 0.368565461811
90 88 0.368565461811
3 66 0.364245365569
66 3 0.364245365569
84 92 0.364089629696
92 84 0.364089629696
65 72 0.360872925263
72 65 0.360872925263
24 91 0.354987872014
91 24 0.354987872014
86 90 0.352154982296
90 86 0.352154982296
64 74 0.346357886217
74 64 0.346357886217
67 72 0.346344716585
72 67 0.346344716585
66 92 0.346146148729
92 66 0.346146148729
1 84 0.345805167496
84 1 0.345805167496
60 64 0.344273383095
64 60 0.344273383095
65 92 0.341637192474
92 65 0.341637192474
66 72 0.332697408034
72 66 0.332697408034
67 84 0.331828434752
84 67 0.331828434752
66 67 0.329939562428
67 66 0.329939562428
54 90 0.329684088882
90 54 0.329684088882
72 84 0.325695721204
84 72 0.325695721204
65 76 0.325539029633
76 65 0.325539029633
66 74 0.321697497488
74 66 0.321697497488
74 84 0.321277610828
84 74 0.321277610828
3 60 0.320990793379
60 3 0.320990793379
18 26 0.318256764965
26 18 0.318256764965
34 84 0.317904210136
84 34 0.317904210136
8 33 0.317343373567
33 8 0.317343373567
66 76 0.314380313878
76 66 0.314380313878
34 94 0.30986569085
94 34 0.30986569085
76 84 0.309678379137
84 76 0.309678379137
34 65 0.305337465679
65 34 0.305337465679
61 72 0.305206717558
72 61 0.305206717558
4 33 0.304264526145
33 4 0.304264526145
1 66 0.303713245988
66 1 0.303713245988
1 61 0.302028558923
61 1 0.302028558923
1 64 0.298334043736
64 1 0.298334043736
33 84 0.297669545303
84 33 0.297669545303
3 64 0.297037795531
64 3 0.297037795531
61 92 0.297017170048
92 61 0.297017170048
65 74 0.296980137571
74 65 0.296980137571
35 84 0.296780771205
84 35 0.296780771205
67 78 0.294187130514
78 67 0.294187130514
33 65 0.293705913913
65 33 0.293705913913
60 101 0.292753852679
101 60 0.292753852679
13 90 0.292267862373
90 13 0.292267862373
65 98 0.286000428138
98 65 0.286000428138
34 61 0.285761825998
61 34 0.285761825998
4 84 0.285515861776
84 4 0.285515861776
68 84 0.283841708084
84 68 0.283841708084
1 67 0.283163942235
67 1 0.283163942235
33 61 0.280330111761
61 33 0.280330111761
3 61 0.280295652657
61 3 0.280295652657
48 64 0.279381757752
64 48 0.279381757752
60 72 0.279328136696
72 60 0.279328136696
53 68 0.278647038427
68 53 0.278647038427
8 78 0.278492957935
78 8 0.278492957935
1 60 0.278484911896
60 1 0.278484911896
33 104 0.278213275919
104 33 0.278213275919
48 65 0.275900080531
65 48 0.275900080531
16 60 0.274587092407
60 16 0.274587092407
66 98 0.273462335109
98 66 0.273462335109
4 78 0.272801622342
78 4 0.272801622342
33 67 0.271714849034
67 33 0.271714849034
48 84 0.269504112836
84 48 0.269504112836
78 84 0.269376573881
84 78 0.269376573881
1 72 0.268910735492
72 1 0.268910735492
1 6 0.268763378737
6 1 0.268763378737
35 78 0.268654510601
78 35 0.268654510601
24 33 0.267314588343
33 24 0.267314588343
65 101 0.266469691768
101 65 0.266469691768
39 78 0.265905328635
78 39 0.265905328635
4 83 0.265560958235
83 4 0.265560958235
74 92 0.263767209841
92 74 0.263767209841
7 43 0.263055990914
43 7 0.263055990914
4 18 0.262020945912
18 4 0.262020945912
48 72 0.261337269075
72 48 0.261337269075
61 78 0.261182098261
78 61 0.261182098261
60 98 0.260605008155
98 60 0.260605008155
16 101 0.259537577142
101 16 0.259537577142
35 105 0.259122681213
105 35 0.259122681213
4 65 0.257604589173
65 4 0.257604589173
15 52 0.257537253247
52 15 0.257537253247
11 66 0.257281813137
66 11 0.257281813137
33 38 0.257072303146
38 33 0.257072303146
34 67 0.256826617427
67 34 0.256826617427
24 34 0.256080055724
34 24 0.256080055724
33 39 0.255968237077
39 33 0.255968237077
39 93 0.255564462456
93 39 0.255564462456
64 76 0.254850192031
76 64 0.254850192031
11 84 0.254627141363
84 11 0.254627141363
33 64 0.254464437557
64 33 0.254464437557
65 104 0.254355717806
104 65 0.254355717806
101 104 0.254187281874
104 101 0.254187281874
71 84 0.253814821993
84 71 0.253814821993
84 98 0.253708259151
98 84 0.253708259151
84 104 0.25302271754
104 84 0.25302271754
33 66 0.252598427857
66 33 0.252598427857
61 101 0.251850421594
101 61 0.251850421594
35 65 0.251767757567
65 35 0.251767757567
5 67 0.251398789762
67 5 0.251398789762
64 71 0.251069426915
71 64 0.251069426915
16 61 0.250233905024
61 16 0.250233905024
84 101 0.249061201377
101 84 0.249061201377
65 78 0.247543742625
78 65 0.247543742625
13 76 0.247171528586
76 13 0.247171528586
4 24 0.246282590556
24 4 0.246282590556
30 91 0.246038511191
91 30 0.246038511191
4 64 0.245923327582
64 4 0.245923327582
5 84 0.245441762167
84 5 0.245441762167
18 83 0.244961222646
83 18 0.244961222646
48 66 0.244877335463
66 48 0.244877335463
10 12 0.244165648571
12 10 0.244165648571
60 78 0.244080699922
78 60 0.244080699922
66 78 0.243937338148
78 66 0.243937338148
78 104 0.243489747735
104 78 0.243489747735
66 71 0.242821875193
71 66 0.242821875193
61 93 0.242029431327
93 61 0.242029431327
72 92 0.241886023757
92 72 0.241886023757
21 60 0.24115311102
60 21 0.24115311102
67 74 0.240790312452
74 67 0.240790312452
8 48 0.240429060372
48 8 0.240429060372
7 84 0.240150230222
84 7 0.240150230222
9 46 0.239810630758
46 9 0.239810630758
57 84 0.239451382202
84 57 0.239451382202
33 60 0.239439803299
60 33 0.239439803299
52 69 0.239426126127
69 52 0.239426126127
65 68 0.239420545186
68 65 0.239420545186
24 53 0.239314410823
53 24 0.239314410823
1 33 0.23918625159
33 1 0.23918625159
33 53 0.238100438097
53 33 0.238100438097
7 53 0.237333854788
53 7 0.237333854788
1 48 0.236192858443
48 1 0.236192858443
53 84 0.236068951681
84 53 0.236068951681
34 66 0.23600572118
66 34 0.23600572118
1 104 0.235101041692
104 1 0.235101041692
57 65 0.234586796191
65 57 0.234586796191
34 64 0.234529133586
64 34 0.234529133586
65 71 0.234500002268
71 65 0.234500002268
48 71 0.234471216674
71 48 0.234471216674
68 83 0.234373230127
83 68 0.234373230127
33 91 0.234286412109
91 33 0.234286412109
84 105 0.234117363671
105 84 0.234117363671
67 104 0.23253033944
104 67 0.23253033944
48 67 0.231855176538
67 48 0.231855176538
78 94 0.231244777258
94 78 0.231244777258
1 3 0.231082200703
3 1 0.231082200703
5 65 0.230829953538
65 5 0.230829953538
48 78 0.230372378216
78 48 0.230372378216
35 66 0.230095406511
66 35 0.230095406511
34 38 0.229983841053
38 34 0.229983841053
16 65 0.229781491327
65 16 0.229781491327
24 84 0.229377787165
84 24 0.229377787165
48 74 0.229253232049
74 48 0.229253232049
5 66 0.228638188943
66 5 0.228638188943
68 78 0.228134206168
78 68 0.228134206168
4 66 0.226921053351
66 4 0.226921053351
1 71 0.226230026925
71 1 0.226230026925
61 98 0.226179737465
98 61 0.226179737465
4 104 0.225218513249
104 4 0.225218513249
35 104 0.225005409723
104 35 0.225005409723
66 101 0.224733478815
101 66 0.224733478815
33 48 0.224622633446
48 33 0.224622633446
11 65 0.224612548485
65 11 0.224612548485
34 68 0.224336638054
68 34 0.224336638054
30 78 0.224184309998
78 30 0.224184309998
94 104 0.22357884354
104 94 0.22357884354
33 83 0.223488689256
83 33 0.223488689256
98 101 0.223468644483
101 98 0.223468644483
3 101 0.223333433021
101 3 0.223333433021
53 83 0.223266351887
83 53 0.223266351887
34 91 0.222713610038
91 34 0.222713610038
60 104 0.222491319534
104 60 0.222491319534
60 93 0.222479528831
93 60 0.222479528831
35 64 0.222466090202
64 35 0.222466090202
67 101 0.22192059672
101 67 0.22192059672
4 61 0.221805555605
61 4 0.221805555605
64 78 0.221764563532
78 64 0.221764563532
72 101 0.221627829621
101 72 0.221627829621
34 104 0.2213854408
104 34 0.2213854408
3 16 0.22134178815
16 3 0.22134178815
53 104 0.221167816432
104 53 0.221167816432
16 93 0.220623577193
93 16 0.220623577193
4 34 0.220503907036
34 4 0.220503907036
4 68 0.22042914814
68 4 0.22042914814
48 60 0.220289519786
60 48 0.220289519786
24 68 0.219774265667
68 24 0.219774265667
39 67 0.219058606343
67 39 0.219058606343
35 68 0.218987721792
68 35 0.218987721792
5 64 0.218570866037
64 5 0.218570866037
71 83 0.218506887446
83 71 0.218506887446
67 71 0.21831456517
71 67 0.21831456517
24 103 0.21793195401
103 24 0.21793195401
21 65 0.217917126999
65 21 0.217917126999
45 49 0.217678131017
49 45 0.217678131017
34 72 0.217656141523
72 34 0.217656141523
34 53 0.217297298516
53 34 0.217297298516
16 78 0.216347395122
78 16 0.216347395122
7 65 0.21593040867
65 7 0.21593040867
57 66 0.21592014017
66 57 0.21592014017
33 101 0.215898643394
101 33 0.215898643394
3 67 0.215833887671
67 3 0.215833887671
3 92 0.215446925479
92 3 0.215446925479
65 80 0.215251226601
80 65 0.215251226601
78 83 0.215229641767
83 78 0.215229641767
68 104 0.214595957917
104 68 0.214595957917
4 101 0.214198256996
101 4 0.214198256996
21 101 0.213955789973
101 21 0.213955789973
48 61 0.213886250975
61 48 0.213886250975
24 93 0.21374596562
93 24 0.21374596562
84 94 0.213522166368
94 84 0.213522166368
13 84 0.213384779045
84 13 0.213384779045
4 67 0.213277336946
67 4 0.213277336946
16 34 0.213213333867
34 16 0.213213333867
37 56 0.212947680618
56 37 0.212947680618
80 84 0.212947297167
84 80 0.212947297167
49 78 0.212939098747
78 49 0.212939098747
13 66 0.212906767579
66 13 0.212906767579
53 78 0.21240764669
78 53 0.21240764669
1 94 0.212307282576
94 1 0.212307282576
27 59 0.212275793017
59 27 0.212275793017
39 45 0.211960434679
45 39 0.211960434679
33 71 0.211877416366
71 33 0.211877416366
67 92 0.211709601023
92 67 0.211709601023
61 74 0.211143744746
74 61 0.211143744746
37 57 0.211008433165
57 37 0.211008433165
35 91 0.209730331155
91 35 0.209730331155
2 96 0.209305958866
96 2 0.209305958866
49 67 0.209296250251
67 49 0.209296250251
64 101 0.208564845688
101 64 0.208564845688
24 65 0.20850286617
65 24 0.20850286617
1 34 0.208306424518
34 1 0.208306424518
3 76 0.207175293287
76 3 0.207175293287
13 65 0.207017928589
65 13 0.207017928589
49 101 0.206853154317
101 49 0.206853154317
6 33 0.206801639863
33 6 0.206801639863
60 92 0.206571830653
92 60 0.206571830653
34 60 0.206453326504
60 34 0.206453326504
16 33 0.206189411018
33 16 0.206189411018
57 60 0.205675711821
60 57 0.205675711821
66 80 0.204899674155
80 66 0.204899674155
4 60 0.20449122416
60 4 0.20449122416
78 101 0.204345311529
101 78 0.204345311529
5 76 0.204317826818
76 5 0.204317826818
38 57 0.203922535453
57 38 0.203922535453
33 68 0.203919015276
68 33 0.203919015276
21 67 0.203858876575
67 21 0.203858876575
24 67 0.203831355971
67 24 0.203831355971
83 84 0.203772769337
84 83 0.203772769337
18 53 0.203621028387
53 18 0.203621028387
64 93 0.203617936684
93 64 0.203617936684
34 48 0.203439974161
48 34 0.203439974161
24 39 0.203021291979
39 24 0.203021291979
43 68 0.202615469299
68 43 0.202615469299
16 67 0.202606916669
67 16 0.202606916669
33 80 0.202549697234
80 33 0.202549697234
53 93 0.202408307364
93 53 0.202408307364
24 35 0.201864440938
35 24 0.201864440938
35 83 0.201376066991
83 35 0.201376066991
17 29 0.200922653036
29 17 0.200922653036
53 65 0.200455238117
65 53 0.200455238117
66 68 0.200314147192
68 66 0.200314147192
24 30 0.200181226405
30 24 0.200181226405
4 7 0.200175300183
7 4 0.200175300183
8 71 0.199876435682
71 8 0.199876435682
21 61 0.199773113937
61 21 0.199773113937
21 72 0.199772625942
72 21 0.199772625942
16 39 0.199253717328
39 16 0.199253717328
2 59 0.199209258661
59 2 0.199209258661
57 101 0.199065220707
101 57 0.199065220707
61 76 0.198900434759
76 61 0.198900434759
33 94 0.198069997247
94 33 0.198069997247
65 94 0.197984670382
94 65 0.197984670382
78 93 0.197854550529
93 78 0.197854550529
66 105 0.197736834576
105 66 0.197736834576
64 83 0.197361251168
83 64 0.197361251168
78 103 0.197100529679
103 78 0.197100529679
57 61 0.197006424374
61 57 0.197006424374
4 21 0.196710568886
21 4 0.196710568886
66 104 0.196638555391
104 66 0.196638555391
49 84 0.19652998866
84 49 0.19652998866
16 84 0.196344308628
84 16 0.196344308628
8 84 0.196258995134
84 8 0.196258995134
4 91 0.195550024428
91 4 0.195550024428
33 57 0.195037920619
57 33 0.195037920619
18 78 0.195021173403
78 18 0.195021173403
34 76 0.194981295749
76 34 0.194981295749
61 104 0.194535943328
104 61 0.194535943328
1 21 0.194381728976
21 1 0.194381728976
35 53 0.194243154963
53 35 0.194243154963
83 103 0.194118835433
103 83 0.194118835433
6 15 0.19405172025
15 6 0.19405172025
7 78 0.193973404699
78 7 0.193973404699
49 97 0.193556793977
97 49 0.193556793977
24 61 0.19343006127
61 24 0.19343006127
60 80 0.193425756195
80 60 0.193425756195
24 64 0.192504033909
64 24 0.192504033909
15 16 0.192503790409
16 15 0.192503790409
54 84 0.192449588152
84 54 0.192449588152
57 72 0.19209443763
72 57 0.19209443763
10 50 0.191885972662
50 10 0.191885972662
60 74 0.19142595061
74 60 0.19142595061
91 103 0.191308532456
103 91 0.191308532456
84 91 0.191233872322
91 84 0.191233872322
48 57 0.19101351794
57 48 0.19101351794
20 21 0.190701472862
21 20 0.190701472862
5 74 0.190435195551
74 5 0.190435195551
1 74 0.190328494395
74 1 0.190328494395
39 60 0.190266574341
60 39 0.190266574341
68 105 0.190261592973
105 68 0.190261592973
16 66 0.190255115639
66 16 0.190255115639
34 83 0.189963134992
83 34 0.189963134992
24 83 0.189954240255
83 24 0.189954240255
8 34 0.189881324172
34 8 0.189881324172
54 65 0.189695220508
65 54 0.189695220508
6 97 0.189515921459
97 6 0.189515921459
65 105 0.189215146259
105 65 0.189215146259
3 72 0.189191382735
72 3 0.189191382735
71 74 0.188941164194
74 71 0.188941164194
38 67 0.18877596149
67 38 0.18877596149
84 93 0.188629649562
93 84 0.188629649562
64 104 0.188501157021
104 64 0.188501157021
34 80 0.188467845559
80 34 0.188467845559
8 65 0.188121095486
65 8 0.188121095486
61 103 0.188050469503
103 61 0.188050469503
57 64 0.187638681656
64 57 0.187638681656
21 93 0.187622798026
93 21 0.187622798026
49 61 0.187447706037
61 49 0.187447706037
71 78 0.186955381194
78 71 0.186955381194
3 98 0.186627281208
98 3 0.186627281208
4 39 0.186395187628
39 4 0.186395187628
24 66 0.186305215282
66 24 0.186305215282
18 35 0.186205230218
35 18 0.186205230218
39 49 0.186082053459
49 39 0.186082053459
65 83 0.186014608249
83 65 0.186014608249
24 104 0.185832542503
104 24 0.185832542503
33 93 0.185771150485
93 33 0.185771150485
1 101 0.185696171076
101 1 0.185696171076
39 61 0.185532703044
61 39 0.185532703044
54 61 0.185201140541
61 54 0.185201140541
16 49 0.18467545543
49 16 0.18467545543
21 64 0.183901006741
64 21 0.183901006741
54 60 0.183341548977
60 54 0.183341548977
61 71 0.183132988178
71 61 0.183132988178
24 60 0.183031640685
60 24 0.183031640685
15 69 0.18270785069
69 15 0.18270785069
3 4 0.182120873215
4 3 0.182120873215
74 76 0.181897698501
76 74 0.181897698501
82 84 0.181708102705
84 82 0.181708102705
39 77 0.181413628998
77 39 0.181413628998
33 97 0.181258546656
97 33 0.181258546656
19 56 0.181050591584
56 19 0.181050591584
16 64 0.180961994294
64 16 0.180961994294
35 69 0.180951335703
69 35 0.180951335703
71 72 0.180816298984
72 71 0.180816298984
38 49 0.180812752686
49 38 0.180812752686
15 80 0.18063890312
80 15 0.18063890312
4 93 0.180631455474
93 4 0.180631455474
34 101 0.180609309183
101 34 0.180609309183
67 97 0.180471692275
97 67 0.180471692275
2 100 0.180392301234
100 2 0.180392301234
80 98 0.180251541493
98 80 0.180251541493
6 101 0.180249323632
101 6 0.180249323632
54 101 0.180147389977
101 54 0.180147389977
33 72 0.179985387596
72 33 0.179985387596
31 50 0.179936002347
50 31 0.179936002347
1 4 0.179893721825
4 1 0.179893721825
7 33 0.179765790048
33 7 0.179765790048
35 76 0.179436852692
76 35 0.179436852692
49 94 0.179426996467
94 49 0.179426996467
80 101 0.178863296046
101 80 0.178863296046
1 57 0.178798292612
57 1 0.178798292612
53 66 0.178434548618
66 53 0.178434548618
34 74 0.178077218853
74 34 0.178077218853
34 103 0.178012871745
103 34 0.178012871745
1 98 0.177775072733
98 1 0.177775072733
3 11 0.177357925413
11 3 0.177357925413
67 91 0.177324138987
91 67 0.177324138987
64 98 0.177239997263
98 64 0.177239997263
49 65 0.177172916561
65 49 0.177172916561
35 103 0.17697585255
103 35 0.17697585255
11 98 0.176892040948
98 11 0.176892040948
45 101 0.176784640877
101 45 0.176784640877
54 71 0.176399641672
71 54 0.176399641672
16 21 0.176399161996
21 16 0.176399161996
45 78 0.176300725154
78 45 0.176300725154
53 61 0.176298554582
61 53 0.176298554582
11 94 0.176254040053
94 11 0.176254040053
33 105 0.175629207327
105 33 0.175629207327
33 98 0.175566233926
98 33 0.175566233926
49 60 0.175520380331
60 49 0.175520380331
24 94 0.175227624594
94 24 0.175227624594
24 48 0.175201262123
48 24 0.175201262123
72 78 0.175195404196
78 72 0.175195404196
3 57 0.1751372572
57 3 0.1751372572
7 104 0.175133159387
104 7 0.175133159387
9 50 0.175072164775
50 9 0.175072164775
35 71 0.175052617864
71 35 0.175052617864
4 72 0.174994770942
72 4 0.174994770942
54 67 0.174784617424
67 54 0.174784617424
2 40 0.17471029068
40 2 0.17471029068
7 34 0.174626970194
34 7 0.174626970194
57 67 0.174583549658
67 57 0.174583549658
60 71 0.174290877102
71 60 0.174290877102
39 53 0.174283170061
53 39 0.174283170061
17 57 0.174155670956
57 17 0.174155670956
7 35 0.174146030764
35 7 0.174146030764
18 84 0.174110202939
84 18 0.174110202939
7 103 0.174076773383
103 7 0.174076773383
16 103 0.173686616175
103 16 0.173686616175
18 68 0.173672367847
68 18 0.173672367847
74 96 0.173533644603
96 74 0.173533644603
6 34 0.173420571204
34 6 0.173420571204
67 77 0.173286807193
77 67 0.173286807193
53 64 0.173173326726
64 53 0.173173326726
3 49 0.173105362242
49 3 0.173105362242
48 104 0.172785745399
104 48 0.172785745399
65 91 0.172723104673
91 65 0.172723104673
35 61 0.172700472822
61 35 0.172700472822
7 24 0.172681791689
24 7 0.172681791689
49 93 0.172677314172
93 49 0.172677314172
3 17 0.17231528043
17 3 0.17231528043
4 35 0.172271036521
35 4 0.172271036521
5 61 0.172180295145
61 5 0.172180295145
61 80 0.172120200401
80 61 0.172120200401
60 76 0.172104230289
76 60 0.172104230289
18 33 0.171726036261
33 18 0.171726036261
35 72 0.17169010914
72 35 0.17169010914
49 66 0.171480307714
66 49 0.171480307714
13 64 0.171455905291
64 13 0.171455905291
34 57 0.171397234207
57 34 0.171397234207
21 84 0.171370302208
84 21 0.171370302208
6 64 0.17121237072
64 6 0.17121237072
57 71 0.170864446986
71 57 0.170864446986
82 96 0.170762632226
96 82 0.170762632226
4 48 0.170599802135
48 4 0.170599802135
16 24 0.170577219244
24 16 0.170577219244
6 48 0.170554741218
48 6 0.170554741218
61 68 0.170490137164
68 61 0.170490137164
78 80 0.170439555068
80 78 0.170439555068
3 93 0.170336882643
93 3 0.170336882643
55 105 0.170262373206
105 55 0.170262373206
68 94 0.170230612754
94 68 0.170230612754
35 74 0.170055104123
74 35 0.170055104123
54 64 0.169830943889
64 54 0.169830943889
77 78 0.169392305532
78 77 0.169392305532
34 71 0.169054368497
71 34 0.169054368497
38 71 0.168997206681
71 38 0.168997206681
35 67 0.168889522684
67 35 0.168889522684
69 84 0.168789807372
84 69 0.168789807372
71 80 0.168734784825
80 71 0.168734784825
8 66 0.168726478277
66 8 0.168726478277
3 33 0.168690185946
33 3 0.168690185946
5 34 0.168642856046
34 5 0.168642856046
74 105 0.168608508787
105 74 0.168608508787
3 48 0.168593724636
48 3 0.168593724636
5 60 0.168238279371
60 5 0.168238279371
57 98 0.168126810769
98 57 0.168126810769
7 93 0.168044627774
93 7 0.168044627774
21 33 0.16800725807
33 21 0.16800725807
7 61 0.167941072407
61 7 0.167941072407
38 101 0.167725573876
101 38 0.167725573876
1 54 0.167641094295
54 1 0.167641094295
94 101 0.167533990234
101 94 0.167533990234
59 96 0.167212295141
96 59 0.167212295141
13 61 0.16705102386
61 13 0.16705102386
34 93 0.167023899041
93 34 0.167023899041
61 97 0.166921304522
97 61 0.166921304522
6 78 0.166673649297
78 6 0.166673649297
40 100 0.166592437185
100 40 0.166592437185
6 60 0.166491387366
60 6 0.166491387366
64 68 0.166268022527
68 64 0.166268022527
34 105 0.165946811028
105 34 0.165946811028
17 96 0.165864346851
96 17 0.165864346851
66 94 0.165761089426
94 66 0.165761089426
76 92 0.165398622393
92 76 0.165398622393
48 101 0.165318874075
101 48 0.165318874075
7 64 0.165277570042
64 7 0.165277570042
2 74 0.165182208233
74 2 0.165182208233
13 34 0.165168971096
34 13 0.165168971096
66 82 0.165138066452
82 66 0.165138066452
33 92 0.164860455819
92 33 0.164860455819
65 93 0.164618175822
93 65 0.164618175822
1 92 0.164425745066
92 1 0.164425745066
53 91 0.164326136258
91 53 0.164326136258
6 98 0.164266861261
98 6 0.164266861261
1 78 0.163872250021
78 1 0.163872250021
17 68 0.163852195246
68 17 0.163852195246
7 66 0.163656736116
66 7 0.163656736116
72 98 0.163556877856
98 72 0.163556877856
76 83 0.163544684326
83 76 0.163544684326
57 104 0.163397070294
104 57 0.163397070294
24 49 0.163333752931
49 24 0.163333752931
3 21 0.16332031145
21 3 0.16332031145
21 34 0.163296887636
34 21 0.163296887636
61 94 0.163273095224
94 61 0.163273095224
1 8 0.16314514007
8 1 0.16314514007
3 78 0.163110518694
78 3 0.163110518694
16 72 0.163079851502
72 16 0.163079851502
68 69 0.162873452948
69 68 0.162873452948
48 92 0.162766074905
92 48 0.162766074905
21 53 0.162668254881
53 21 0.162668254881
35 51 0.162664607977
51 35 0.162664607977
47 76 0.162608073729
76 47 0.162608073729
72 91 0.162591592123
91 72 0.162591592123
3 34 0.162139323195
34 3 0.162139323195
45 60 0.162106133787
60 45 0.162106133787
93 103 0.162015918174
103 93 0.162015918174
67 98 0.161961838762
98 67 0.161961838762
39 101 0.161907286052
101 39 0.161907286052
97 101 0.161751628485
101 97 0.161751628485
19 25 0.161749159805
25 19 0.161749159805
72 104 0.161531774198
104 72 0.161531774198
71 104 0.161384875436
104 71 0.161384875436
66 93 0.161055035893
93 66 0.161055035893
26 84 0.160830794659
84 26 0.160830794659
33 76 0.160693925145
76 33 0.160693925145
66 83 0.160477133921
83 66 0.160477133921
5 92 0.160414303027
92 5 0.160414303027
60 68 0.160257684892
68 60 0.160257684892
53 94 0.160243387457
94 53 0.160243387457
4 92 0.160127779365
92 4 0.160127779365
76 80 0.160120796511
80 76 0.160120796511
25 57 0.160045493302
57 25 0.160045493302
8 104 0.159812615077
104 8 0.159812615077
68 103 0.159796461343
103 68 0.159796461343
92 93 0.159741279776
93 92 0.159741279776
2 5 0.159661186188
5 2 0.159661186188
57 78 0.15936086199
78 57 0.15936086199
25 56 0.159347705452
56 25 0.159347705452
5 78 0.159175666271
78 5 0.159175666271
67 94 0.15910564827
94 67 0.15910564827
6 38 0.158996920423
38 6 0.158996920423
64 97 0.158932787696
97 64 0.158932787696
52 80 0.158924474058
80 52 0.158924474058
17 76 0.158784828684
76 17 0.158784828684
37 38 0.158667865932
38 37 0.158667865932
33 69 0.15856107724
69 33 0.15856107724
64 105 0.158254611733
105 64 0.158254611733
16 45 0.158170113067
45 16 0.158170113067
3 74 0.158085079018
74 3 0.158085079018
67 93 0.157986292534
93 67 0.157986292534
69 83 0.157871155648
83 69 0.157871155648
20 60 0.157870443475
60 20 0.157870443475
21 66 0.157789986703
66 21 0.157789986703
33 89 0.157476773129
89 33 0.157476773129
5 33 0.157286143508
33 5 0.157286143508
93 101 0.157259483765
101 93 0.157259483765
57 76 0.157212994496
76 57 0.157212994496
33 49 0.157196864819
49 33 0.157196864819
49 103 0.157061638644
103 49 0.157061638644
25 38 0.156858698078
38 25 0.156858698078
21 78 0.156801365091
78 21 0.156801365091
53 72 0.156761645173
72 53 0.156761645173
5 7 0.156729695656
7 5 0.156729695656
21 104 0.156607592693
104 21 0.156607592693
27 76 0.156590709142
76 27 0.156590709142
35 92 0.156462591147
92 35 0.156462591147
92 105 0.156380166492
105 92 0.156380166492
54 66 0.156250793781
66 54 0.156250793781
35 48 0.156248825729
48 35 0.156248825729
49 71 0.156116359223
71 49 0.156116359223
71 101 0.156096561963
101 71 0.156096561963
34 69 0.156020750503
69 34 0.156020750503
51 68 0.15578920403
68 51 0.15578920403
3 94 0.155737865271
94 3 0.155737865271
17 61 0.155686629065
61 17 0.155686629065
7 83 0.155594918128
83 7 0.155594918128
1 35 0.155592325791
35 1 0.155592325791
45 61 0.155502280693
61 45 0.155502280693
40 93 0.155257910503
93 40 0.155257910503
16 98 0.155204136073
98 16 0.155204136073
38 78 0.155196660314
78 38 0.155196660314
67 76 0.155169303078
76 67 0.155169303078
33 103 0.155123562232
103 33 0.155123562232
29 89 0.155064429373
89 29 0.155064429373
8 35 0.15493982169
35 8 0.15493982169
8 53 0.154897736442
53 8 0.154897736442
1 16 0.154891870801
16 1 0.154891870801
94 97 0.154705912545
97 94 0.154705912545
34 39 0.154615762003
39 34 0.154615762003
5 24 0.154411421191
24 5 0.154411421191
17 59 0.15416330518
59 17 0.15416330518
49 57 0.15411129303
57 49 0.15411129303
13 56 0.154080494228
56 13 0.154080494228
53 67 0.154057217185
67 53 0.154057217185
21 24 0.15401647231
24 21 0.15401647231
76 78 0.153934533833
78 76 0.153934533833
89 97 0.153817548455
97 89 0.153817548455
5 35 0.153764447687
35 5 0.153764447687
8 24 0.153751919867
24 8 0.153751919867
56 73 0.153536358133
73 56 0.153536358133
8 91 0.153424931359
91 8 0.153424931359
78 92 0.1533083144
92 78 0.1533083144
4 71 0.153231124665
71 4 0.153231124665
56 88 0.153212853259
88 56 0.153212853259
13 33 0.153081974374
33 13 0.153081974374
49 56 0.153061340963
56 49 0.153061340963
54 104 0.153011956482
104 54 0.153011956482
6 61 0.152968880392
61 6 0.152968880392
72 76 0.152769118643
76 72 0.152769118643
51 84 0.152600423898
84 51 0.152600423898
91 93 0.152572723888
93 91 0.152572723888
39 83 0.152525314363
83 39 0.152525314363
49 54 0.152424020952
54 49 0.152424020952
8 64 0.152291645186
64 8 0.152291645186
1 80 0.152253079319
80 1 0.152253079319
26 68 0.152250354585
68 26 0.152250354585
39 91 0.152244693738
91 39 0.152244693738
33 45 0.152211967329
45 33 0.152211967329
35 94 0.152102963054
94 35 0.152102963054
6 49 0.15206222727
49 6 0.15206222727
17 51 0.151858547703
51 17 0.151858547703
24 76 0.151810237482
76 24 0.151810237482
24 57 0.151754540399
57 24 0.151754540399
17 84 0.151665133295
84 17 0.151665133295
7 101 0.151609389895
101 7 0.151609389895
43 84 0.151599481175
84 43 0.151599481175
8 83 0.151509059083
83 8 0.151509059083
68 82 0.151348986624
82 68 0.151348986624
68 76 0.151325884728
76 68 0.151325884728
24 77 0.151217702808
77 24 0.151217702808
6 16 0.151096529893
16 6 0.151096529893
65 82 0.151042153402
82 65 0.151042153402
67 80 0.15087697002
80 67 0.15087697002
97 104 0.150742910643
104 97 0.150742910643
64 80 0.150734357073
80 64 0.150734357073
68 96 0.150653491069
96 68 0.150653491069
13 83 0.150617959535
83 13 0.150617959535
65 97 0.150553234476
97 65 0.150553234476
6 52 0.150288817546
52 6 0.150288817546
45 83 0.150240934282
83 45 0.150240934282
24 101 0.150196668515
101 24 0.150196668515
48 97 0.150054257765
97 48 0.150054257765
66 91 0.150020902151
91 66 0.150020902151
74 78 0.1500074357
78 74 0.1500074357
16 91 0.149696237713
91 16 0.149696237713
25 86 0.149652374967
86 25 0.149652374967
68 93 0.149524597459
93 68 0.149524597459
49 89 0.149480593744
89 49 0.149480593744
49 83 0.149439679752
83 49 0.149439679752
53 105 0.149425521141
105 53 0.149425521141
53 60 0.149377594126
60 53 0.149377594126
82 105 0.14931646948
105 82 0.14931646948
57 74 0.149297357598
74 57 0.149297357598
65 69 0.149291928893
69 65 0.149291928893
35 57 0.149242787396
57 35 0.149242787396
38 97 0.149186261759
97 38 0.149186261759
83 93 0.149180841042
93 83 0.149180841042
71 97 0.149106297856
97 71 0.149106297856
40 76 0.149091245148
76 40 0.149091245148
33 74 0.148919394377
74 33 0.148919394377
26 105 0.148873128119
105 26 0.148873128119
30 103 0.148820389325
103 30 0.148820389325
23 73 0.148792516035
73 23 0.148792516035
51 89 0.148760648096
89 51 0.148760648096
17 99 0.148723938151
99 17 0.148723938151
1 13 0.148716902392
13 1 0.148716902392
54 80 0.148659899537
80 54 0.148659899537
61 91 0.148569749957
91 61 0.148569749957
61 83 0.1484585261
83 61 0.1484585261
11 60 0.148273073916
60 11 0.148273073916
45 93 0.14825136762
93 45 0.14825136762
45 66 0.14821027331
66 45 0.14821027331
80 97 0.148046085255
97 80 0.148046085255
80 104 0.148031191854
104 80 0.148031191854
93 94 0.148014889327
94 93 0.148014889327
83 101 0.147916065741
101 83 0.147916065741
3 71 0.147869669248
71 3 0.147869669248
1 53 0.147293377482
53 1 0.147293377482
59 74 0.147071333228
74 59 0.147071333228
13 68 0.146988611445
68 13 0.146988611445
1 24 0.146940260078
24 1 0.146940260078
7 60 0.146860001899
60 7 0.146860001899
6 80 0.146795759392
80 6 0.146795759392
18 66 0.146788185097
66 18 0.146788185097
54 72 0.146604276991
72 54 0.146604276991
7 94 0.146411089596
94 7 0.146411089596
13 35 0.146327116927
35 13 0.146327116927
59 89 0.14628355517
89 59 0.14628355517
51 105 0.146267101128
105 51 0.146267101128
84 97 0.146090444586
97 84 0.146090444586
17 24 0.14602447081
24 17 0.14602447081
7 51 0.145970116736
51 7 0.145970116736
6 65 0.145954680436
65 6 0.145954680436
76 93 0.145953732168
93 76 0.145953732168
60 94 0.145875554422
94 60 0.145875554422
24 80 0.14575069612
80 24 0.14575069612
16 25 0.145560561775
25 16 0.145560561775
34 49 0.145510435381
49 34 0.145510435381
41 49 0.145497419838
49 41 0.145497419838
29 33 0.145453905419
33 29 0.145453905419
101 103 0.1454090014
103 101 0.1454090014
2 80 0.145358914143
80 2 0.145358914143
39 94 0.145248647571
94 39 0.145248647571
1 68 0.145152899254
68 1 0.145152899254
98 104 0.144929648743
104 98 0.144929648743
29 83 0.144875902063
83 29 0.144875902063
6 84 0.144857573623
84 6 0.144857573623
40 84 0.14474723436
84 40 0.14474723436
60 77 0.144716642849
77 60 0.144716642849
25 37 0.144700202773
37 25 0.144700202773
7 49 0.144615794475
49 7 0.144615794475
34 92 0.144605305374
92 34 0.144605305374
16 83 0.144557368401
83 16 0.144557368401
26 53 0.144538404427
53 26 0.144538404427
21 98 0.144512912946
98 21 0.144512912946
1 49 0.144485076347
49 1 0.144485076347
3 13 0.144358623056
13 3 0.144358623056
25 34 0.144181284546
34 25 0.144181284546
77 93 0.14412716867
93 77 0.14412716867
26 55 0.144066279138
55 26 0.144066279138
33 54 0.144046140249
54 33 0.144046140249
8 67 0.143865532584
67 8 0.143865532584
3 24 0.143727167255
24 3 0.143727167255
28 33 0.143708118221
33 28 0.143708118221
84 103 0.143635310096
103 84 0.143635310096
40 55 0.143587024974
55 40 0.143587024974
38 104 0.143561699927
104 38 0.143561699927
78 105 0.14346083732
105 78 0.14346083732
76 98 0.143338680202
98 76 0.143338680202
29 78 0.143301912406
78 29 0.143301912406
66 97 0.143243699107
97 66 0.143243699107
83 91 0.143207516392
91 83 0.143207516392
68 91 0.143080612443
91 68 0.143080612443
80 93 0.143037102975
93 80 0.143037102975
17 66 0.143036006388
66 17 0.143036006388
47 85 0.143024573271
85 47 0.143024573271
9 10 0.142942300064
10 9 0.142942300064
9 22 0.142709741223
22 9 0.142709741223
6 45 0.142688769419
45 6 0.142688769419
57 89 0.142675512823
89 57 0.142675512823
91 94 0.142639433172
94 91 0.142639433172
55 76 0.142584682882
76 55 0.142584682882
64 91 0.14254220596
91 64 0.14254220596
16 54 0.142522190127
54 16 0.142522190127
6 39 0.142395368164
39 6 0.142395368164
49 64 0.14239007628
64 49 0.14239007628
25 48 0.142247966899
48 25 0.142247966899
49 76 0.142174147259
76 49 0.142174147259
67 68 0.14208121988
68 67 0.14208121988
12 36 0.142052011359
36 12 0.142052011359
49 77 0.142042461795
77 49 0.142042461795
47 50 0.141979003322
50 47 0.141979003322
4 94 0.141950857262
94 4 0.141950857262
5 72 0.141904742937
72 5 0.141904742937
7 17 0.141896772265
17 7 0.141896772265
5 59 0.141832187476
59 5 0.141832187476
11 49 0.141713580276
49 11 0.141713580276
17 65 0.141589001066
65 17 0.141589001066
13 47 0.141545439927
47 13 0.141545439927
25 88 0.14151382544
88 25 0.14151382544
36 37 0.141505528483
37 36 0.141505528483
57 80 0.141486566324
80 57 0.141486566324
20 67 0.141478400148
67 20 0.141478400148
6 66 0.141409446646
66 6 0.141409446646
29 71 0.141368920498
71 29 0.141368920498
1 76 0.141332557977
76 1 0.141332557977
17 89 0.141101819113
89 17 0.141101819113
25 71 0.141046497972
71 25 0.141046497972
6 93 0.141015367846
93 6 0.141015367846
2 76 0.140935088862
76 2 0.140935088862
69 103 0.140726486918
103 69 0.140726486918
16 48 0.140717916309
48 16 0.140717916309
2 17 0.140665051171
17 2 0.140665051171
20 61 0.140502465522
61 20 0.140502465522
45 77 0.140315902274
77 45 0.140315902274
12 51 0.140245274644
51 12 0.140245274644
26 65 0.140232187112
65 26 0.140232187112
16 57 0.140013512344
57 16 0.140013512344
2 82 0.139949458799
82 2 0.139949458799
84 89 0.139899132455
89 84 0.139899132455
41 47 0.139889671839
47 41 0.139889671839
20 28 0.139817172808
28 20 0.139817172808
48 94 0.139810283071
94 48 0.139810283071
91 104 0.139786372315
104 91 0.139786372315
34 40 0.139749924508
40 34 0.139749924508
6 67 0.139693946343
67 6 0.139693946343
38 84 0.139600459485
84 38 0.139600459485
64 94 0.139589687105
94 64 0.139589687105
24 72 0.139562945682
72 24 0.139562945682
5 83 0.139481980776
83 5 0.139481980776
38 65 0.139423816079
65 38 0.139423816079
35 38 0.139410723908
38 35 0.139410723908
57 96 0.139398562517
96 57 0.139398562517
41 89 0.139337050281
89 41 0.139337050281
3 80 0.139256182351
80 3 0.139256182351
18 24 0.139249591612
24 18 0.139249591612
38 72 0.139091759737
72 38 0.139091759737
18 65 0.13903040004
65 18 0.13903040004
16 94 0.138991836449
94 16 0.138991836449
93 104 0.138988773036
104 93 0.138988773036
48 76 0.138984937162
76 48 0.138984937162
1 69 0.138915817777
69 1 0.138915817777
5 13 0.138862431342
13 5 0.138862431342
13 80 0.138828919806
80 13 0.138828919806
16 28 0.138794356054
28 16 0.138794356054
7 67 0.138676514012
67 7 0.138676514012
4 13 0.138671104213
13 4 0.138671104213
74 89 0.138653386157
89 74 0.138653386157
38 66 0.138612942666
66 38 0.138612942666
48 49 0.138605455396
49 48 0.138605455396
48 91 0.138580016232
91 48 0.138580016232
9 57 0.138553125766
57 9 0.138553125766
33 37 0.138506027009
37 33 0.138506027009
21 39 0.138373931077
39 21 0.138373931077
76 97 0.138330901889
97 76 0.138330901889
4 5 0.138270763689
5 4 0.138270763689
2 7 0.138258216044
7 2 0.138258216044
83 94 0.138080228505
94 83 0.138080228505
65 103 0.138006997285
103 65 0.138006997285
25 49 0.137953205889
49 25 0.137953205889
20 24 0.137919598074
24 20 0.137919598074
33 82 0.13784530307
82 33 0.13784530307
17 41 0.137636657325
41 17 0.137636657325
27 47 0.137524266551
47 27 0.137524266551
24 69 0.137456390295
69 24 0.137456390295
35 82 0.137451389318
82 35 0.137451389318
80 94 0.137255104601
94 80 0.137255104601
57 87 0.137175028628
87 57 0.137175028628
5 48 0.137062886625
48 5 0.137062886625
92 98 0.136990105076
98 92 0.136990105076
71 76 0.136975810405
76 71 0.136975810405
59 84 0.136935003197
84 59 0.136935003197
11 26 0.136722714051
26 11 0.136722714051
28 38 0.136709252778
38 28 0.136709252778
2 16 0.136693304902
16 2 0.136693304902
6 104 0.136662989594
104 6 0.136662989594
48 80 0.136511530435
80 48 0.136511530435
60 69 0.136464591283
69 60 0.136464591283
5 71 0.136277981021
71 5 0.136277981021
16 77 0.136260138068
77 16 0.136260138068
76 101 0.136254643039
101 76 0.136254643039
54 78 0.136205415746
78 54 0.136205415746
39 64 0.136132564808
64 39 0.136132564808
34 45 0.136097208887
45 34 0.136097208887
7 39 0.13604711206
39 7 0.13604711206
56 95 0.135984168738
95 56 0.135984168738
24 71 0.135927096406
71 24 0.135927096406
49 80 0.135856470909
80 49 0.135856470909
61 89 0.135836575165
89 61 0.135836575165
34 54 0.135816647
54 34 0.135816647
2 102 0.135801607901
102 2 0.135801607901
54 94 0.135672618001
94 54 0.135672618001
25 54 0.135617713954
54 25 0.135617713954
4 76 0.135443924718
76 4 0.135443924718
54 56 0.135409249705
56 54 0.135409249705
16 82 0.135368413339
82 16 0.135368413339
5 80 0.13532004388
80 5 0.13532004388
26 66 0.135239320472
66 26 0.135239320472
25 33 0.135154456391
33 25 0.135154456391
16 20 0.135099089318
20 16 0.135099089318
24 82 0.135050607407
82 24 0.135050607407
38 60 0.134927900975
60 38 0.134927900975
49 98 0.134906524815
98 49 0.134906524815
8 61 0.134811226883
61 8 0.134811226883
11 35 0.134644565277
35 11 0.134644565277
2 84 0.134634095675
84 2 0.134634095675
33 51 0.134590832028
51 33 0.134590832028
2 78 0.134530788767
78 2 0.134530788767
10 36 0.134505614342
36 10 0.134505614342
57 92 0.134456600812
92 57 0.134456600812
47 83 0.134452834248
83 47 0.134452834248
80 103 0.134440701923
103 80 0.134440701923
7 57 0.134372193717
57 7 0.134372193717
1 52 0.134368439201
52 1 0.134368439201
37 101 0.134094792751
101 37 0.134094792751
27 89 0.134063816179
89 27 0.134063816179
7 18 0.133995271753
18 7 0.133995271753
46 85 0.133682407066
85 46 0.133682407066
56 79 0.133623523779
79 56 0.133623523779
80 83 0.133520932456
83 80 0.133520932456
6 72 0.133424805155
72 6 0.133424805155
66 103 0.133362672462
103 66 0.133362672462
7 96 0.133049182966
96 7 0.133049182966
60 83 0.1328282976
83 60 0.1328282976
8 38 0.132774176278
38 8 0.132774176278
64 89 0.132763551788
89 64 0.132763551788
104 105 0.132666316586
105 104 0.132666316586
37 84 0.132632075742
84 37 0.132632075742
34 98 0.132558352209
98 34 0.132558352209
20 33 0.132525912385
33 20 0.132525912385
38 64 0.132478208579
64 38 0.132478208579
54 57 0.132441488435
57 54 0.132441488435
40 80 0.132435547508
80 40 0.132435547508
1 5 0.132403307918
5 1 0.132403307918
69 105 0.132391327839
105 69 0.132391327839
34 43 0.132383075145
43 34 0.132383075145
36 76 0.13237571906
76 36 0.13237571906
4 6 0.132353631805
6 4 0.132353631805
78 97 0.132304054799
97 78 0.132304054799
53 103 0.131913558276
103 53 0.131913558276
3 54 0.131725609582
54 3 0.131725609582
16 104 0.131531676692
104 16 0.131531676692
71 89 0.131446263319
89 71 0.131446263319
4 8 0.131443934851
8 4 0.131443934851
18 105 0.131429443794
105 18 0.131429443794
41 84 0.131416940474
84 41 0.131416940474
13 53 0.13136306708
53 13 0.13136306708
27 83 0.131278771398
83 27 0.131278771398
29 57 0.131170947149
57 29 0.131170947149
57 93 0.131142473755
93 57 0.131142473755
1 89 0.13108731389
89 1 0.13108731389
4 105 0.131044221841
105 4 0.131044221841
2 23 0.130901549884
23 2 0.130901549884
8 68 0.130863038865
68 8 0.130863038865
7 91 0.130821025395
91 7 0.130821025395
61 77 0.130721746404
77 61 0.130721746404
66 69 0.130674638783
69 66 0.130674638783
1 105 0.130628702057
105 1 0.130628702057
35 43 0.130608734385
43 35 0.130608734385
4 49 0.130590323338
49 4 0.130590323338
49 59 0.13051807301
59 49 0.13051807301
53 101 0.130479530168
101 53 0.130479530168
17 55 0.13044240115
55 17 0.13044240115
17 48 0.130415883125
48 17 0.130415883125
73 101 0.130363037374
