62 63 1.0
63 62 1.0
70 75 1.0
75 70 1.0
36 70 0.0579774783623
36 75 0.0579774783623
70 36 0.0579774783623
75 36 0.0579774783623
43 70 0.0566786846996
43 75 0.0566786846996
70 43 0.0566786846996
75 43 0.0566786846996
28 70 0.0551072634795
28 75 0.0551072634795
70 28 0.0551072634795
75 28 0.0551072634795
70 96 0.0543274675018
75 96 0.0543274675018
96 70 0.0543274675018
96 75 0.0543274675018
20 70 0.0515146527797
20 75 0.0515146527797
70 20 0.0515146527797
75 20 0.0515146527797
16 70 0.0511581253382
16 75 0.0511581253382
70 16 0.0511581253382
75 16 0.0511581253382
25 70 0.0510877198285
25 75 0.0510877198285
70 25 0.0510877198285
75 25 0.0510877198285
70 87 0.0508090278513
75 87 0.0508090278513
87 70 0.0508090278513
87 75 0.0508090278513
19 70 0.0499343423558
19 75 0.0499343423558
70 19 0.0499343423558
75 19 0.0499343423558
70 82 0.0486135753685
75 82 0.0486135753685
82 70 0.0486135753685
82 75 0.0486135753685
70 91 0.0471170304318
75 91 0.0471170304318
91 70 0.0471170304318
91 75 0.0471170304318
26 70 0.046845011984
26 75 0.046845011984
70 26 0.046845011984
75 26 0.046845011984
56 70 0.0461595735206
56 75 0.0461595735206
70 56 0.0461595735206
75 56 0.0461595735206
70 102 0.0458533612192
75 102 0.0458533612192
102 70 0.0458533612192
102 75 0.0458533612192
42 70 0.0438261562722
42 75 0.0438261562722
70 42 0.0438261562722
75 42 0.0438261562722
70 85 0.0436947042432
75 85 0.0436947042432
85 70 0.0436947042432
85 75 0.0436947042432
36 43 0.043349951627
43 36 0.043349951627
15 70 0.043138641574
15 75 0.043138641574
70 15 0.043138641574
75 15 0.043138641574
70 100 0.0423633511979
75 100 0.0423633511979
100 70 0.0423633511979
100 75 0.0423633511979
27 70 0.0420882269893
27 75 0.0420882269893
30 70 0.0420882269893
30 75 0.0420882269893
70 27 0.0420882269893
70 30 0.0420882269893
75 27 0.0420882269893
75 30 0.0420882269893
36 96 0.0419719700404
96 36 0.0419719700404
28 36 0.0419334343908
36 28 0.0419334343908
28 43 0.0415913910257
43 28 0.0415913910257
43 96 0.0413311489935
96 43 0.0413311489935
20 28 0.0411482664123
28 20 0.0411482664123
47 70 0.0410397117268
47 75 0.0410397117268
70 47 0.0410397117268
75 47 0.0410397117268
16 28 0.0409678241708
28 16 0.0409678241708
67 70 0.0408607076157
67 75 0.0408607076157
70 67 0.0408607076157
75 67 0.0408607076157
16 43 0.040789768175
43 16 0.040789768175
25 43 0.0405443991635
43 25 0.0405443991635
25 36 0.0404406068246
36 25 0.0404406068246
36 87 0.0404406068246
87 36 0.0404406068246
20 43 0.0404061885863
43 20 0.0404061885863
82 96 0.0402694013679
96 82 0.0402694013679
12 70 0.0401677303346
12 75 0.0401677303346
25 28 0.0401677303346
28 25 0.0401677303346
70 12 0.0401677303346
75 12 0.0401677303346
16 36 0.0401340131107
36 16 0.0401340131107
28 96 0.0400333756386
96 28 0.0400333756386
20 36 0.0399003786004
36 20 0.0399003786004
16 25 0.039638366688
16 96 0.039638366688
25 16 0.039638366688
96 16 0.039638366688
16 20 0.0395736772092
20 16 0.0395736772092
19 36 0.0395414526366
36 19 0.0395414526366
86 87 0.0395414526366
87 86 0.0395414526366
19 25 0.0395093077327
19 43 0.0395093077327
25 19 0.0395093077327
36 82 0.0395093077327
43 19 0.0395093077327
82 36 0.0395093077327
43 87 0.0393497667756
87 43 0.0393497667756
87 96 0.0393497667756
96 87 0.0393497667756
28 87 0.0391921689071
87 28 0.0391921689071
25 96 0.0390364747937
96 25 0.0390364747937
43 82 0.0389132644835
82 43 0.0389132644835
20 96 0.0388521010699
96 20 0.0388521010699
25 87 0.0387912290159
87 25 0.0387912290159
19 28 0.0385506084166
28 19 0.0385506084166
26 36 0.0384319872102
36 26 0.0384319872102
16 82 0.038402504874
82 16 0.038402504874
20 87 0.0383144686741
87 20 0.0383144686741
21 70 0.0382852593241
21 75 0.0382852593241
70 21 0.0382852593241
75 21 0.0382852593241
43 91 0.0382561175594
91 43 0.0382561175594
19 96 0.0381690951683
96 19 0.0381690951683
16 87 0.0381114134092
87 16 0.0381114134092
16 91 0.0380539957986
26 43 0.0380539957986
28 82 0.0380539957986
43 26 0.0380539957986
82 28 0.0380539957986
91 16 0.0380539957986
20 25 0.0379683602475
25 20 0.0379683602475
43 56 0.0379683602475
56 43 0.0379683602475
62 70 0.0379399449629
62 75 0.0379399449629
63 70 0.0379399449629
63 75 0.0379399449629
70 62 0.0379399449629
70 63 0.0379399449629
75 62 0.0379399449629
75 63 0.0379399449629
19 56 0.0378833077615
56 19 0.0378833077615
86 88 0.0378550853555
88 86 0.0378550853555
25 56 0.0377988317198
56 25 0.0377988317198
28 91 0.0377708000088
91 28 0.0377708000088
36 102 0.0377149256067
102 36 0.0377149256067
26 96 0.0376593016539
36 56 0.0376593016539
36 91 0.0376593016539
56 36 0.0376593016539
91 36 0.0376593016539
96 26 0.0376593016539
20 91 0.037576331221
91 20 0.037576331221
19 20 0.0375487976158
20 19 0.0375487976158
96 102 0.037521325231
102 96 0.037521325231
19 87 0.0374392731278
87 19 0.0374392731278
16 19 0.0374120433594
19 16 0.0374120433594
37 70 0.0374120433594
37 75 0.0374120433594
70 37 0.0374120433594
75 37 0.0374120433594
43 102 0.0371430145956
91 96 0.0371430145956
96 91 0.0371430145956
102 43 0.0371430145956
20 82 0.0370899108046
26 28 0.0370899108046
28 26 0.0370899108046
70 99 0.0370899108046
75 99 0.0370899108046
82 20 0.0370899108046
99 70 0.0370899108046
99 75 0.0370899108046
28 56 0.0370634452723
56 28 0.0370634452723
15 16 0.037037037037
16 15 0.037037037037
25 82 0.037037037037
82 25 0.037037037037
82 87 0.0369843916286
87 82 0.0369843916286
36 42 0.0368797793163
42 36 0.0368797793163
70 73 0.0367502694521
73 70 0.0367502694521
73 75 0.0367502694521
75 73 0.0367502694521
25 91 0.0366732236185
91 25 0.0366732236185
56 96 0.0366221315136
96 56 0.0366221315136
36 85 0.0365966664193
85 36 0.0365966664193
61 70 0.0365712550428
61 75 0.0365712550428
70 61 0.0365712550428
75 61 0.0365712550428
25 102 0.0365205926857
102 25 0.0365205926857
27 36 0.0364701429372
36 27 0.0364701429372
30 91 0.0364449973249
91 30 0.0364449973249
15 28 0.0364199043071
28 15 0.0364199043071
26 82 0.0363948636996
82 26 0.0363948636996
25 26 0.0363449389845
26 25 0.0363449389845
28 102 0.0363449389845
102 28 0.0363449389845
16 102 0.0362952217254
20 26 0.0362952217254
26 20 0.0362952217254
102 16 0.0362952217254
26 87 0.0362457104825
87 26 0.0362457104825
10 70 0.0362210316709
10 75 0.0362210316709
70 10 0.0362210316709
75 10 0.0362210316709
82 91 0.0362210316709
91 82 0.0362210316709
19 82 0.0361964038296
82 19 0.0361964038296
45 70 0.0361718267827
45 75 0.0361718267827
70 45 0.0361718267827
75 45 0.0361718267827
44 70 0.0361473003549
44 75 0.0361473003549
54 86 0.0361473003549
70 44 0.0361473003549
75 44 0.0361473003549
86 54 0.0361473003549
87 91 0.0361228243717
91 87 0.0361228243717
16 26 0.036074023046
20 56 0.036074023046
26 16 0.036074023046
43 85 0.036074023046
56 20 0.036074023046
85 43 0.036074023046
42 43 0.0360496973589
43 42 0.0360496973589
16 56 0.036001195081
16 67 0.036001195081
56 16 0.036001195081
67 16 0.036001195081
70 71 0.036001195081
71 70 0.036001195081
71 75 0.036001195081
75 71 0.036001195081
87 102 0.0359770181506
102 87 0.0359770181506
15 43 0.0359528904674
36 100 0.0359528904674
43 15 0.0359528904674
54 88 0.0359528904674
88 54 0.0359528904674
100 36 0.0359528904674
15 36 0.0359288118637
36 15 0.0359288118637
25 42 0.0359047821725
42 25 0.0359047821725
50 70 0.0358808012276
50 75 0.0358808012276
70 50 0.0358808012276
75 50 0.0358808012276
12 36 0.0358568688636
36 12 0.0358568688636
19 26 0.0358329849158
26 19 0.0358329849158
56 87 0.0358329849158
85 96 0.0358329849158
87 56 0.0358329849158
96 85 0.0358329849158
14 70 0.0358091492205
14 75 0.0358091492205
15 20 0.0358091492205
20 15 0.0358091492205
42 96 0.0358091492205
70 14 0.0358091492205
75 14 0.0358091492205
96 42 0.0358091492205
82 102 0.0357853616146
102 82 0.0357853616146
19 91 0.0357616219358
91 19 0.0357616219358
30 36 0.0357379300226
36 30 0.0357379300226
43 100 0.0357379300226
96 100 0.0357379300226
100 43 0.0357379300226
100 96 0.0357379300226
27 43 0.0357142857143
43 27 0.0357142857143
27 96 0.0356671392729
96 27 0.0356671392729
28 42 0.0356436368221
42 28 0.0356436368221
36 47 0.0355500951463
47 36 0.0355500951463
56 82 0.0355500951463
82 56 0.0355500951463
20 102 0.0354572950169
102 20 0.0354572950169
28 30 0.0354111699646
30 28 0.0354111699646
28 85 0.0353881756616
85 28 0.0353881756616
30 43 0.0353423227526
43 30 0.0353423227526
30 96 0.0352966497821
96 30 0.0352966497821
28 100 0.0351606987607
42 87 0.0351606987607
87 42 0.0351606987607
100 28 0.0351606987607
15 25 0.0351157338569
25 15 0.0351157338569
25 30 0.0350709431011
30 25 0.0350709431011
43 47 0.0350709431011
47 43 0.0350709431011
15 96 0.0350263253666
26 91 0.0350263253666
91 26 0.0350263253666
96 15 0.0350263253666
27 28 0.0350040810332
28 27 0.0350040810332
19 102 0.0349376045064
102 19 0.0349376045064
85 87 0.0349155306975
87 85 0.0349155306975
39 70 0.0348934991779
39 75 0.0348934991779
70 39 0.0348934991779
75 39 0.0348934991779
20 67 0.034871509812
67 20 0.034871509812
16 30 0.0348276570027
30 16 0.0348276570027
56 91 0.0348276570027
91 56 0.0348276570027
28 47 0.0347839711977
47 28 0.0347839711977
20 42 0.0347621905894
42 20 0.0347621905894
43 67 0.0346970963603
67 43 0.0346970963603
28 67 0.0346323707855
36 67 0.0346323707855
47 96 0.0346323707855
67 28 0.0346323707855
67 36 0.0346323707855
96 47 0.0346323707855
16 42 0.0346108769137
42 16 0.0346108769137
16 85 0.0345466374679
26 102 0.0345466374679
85 16 0.0345466374679
102 26 0.0345466374679
16 27 0.03452530462
20 85 0.03452530462
27 16 0.03452530462
85 20 0.03452530462
25 85 0.0344827586207
82 85 0.0344827586207
85 25 0.0344827586207
85 82 0.0344827586207
61 67 0.0344615452197
67 61 0.0344615452197
3 70 0.0343981419253
3 75 0.0343981419253
70 3 0.0343981419253
75 3 0.0343981419253
25 27 0.0343770860538
27 25 0.0343770860538
25 67 0.0343560692587
67 25 0.0343560692587
67 91 0.0343560692587
91 67 0.0343560692587
16 47 0.0343141524133
16 61 0.0343141524133
20 21 0.0343141524133
21 20 0.0343141524133
47 16 0.0343141524133
61 16 0.0343141524133
15 87 0.034293252122
20 27 0.034293252122
27 20 0.034293252122
87 15 0.034293252122
67 96 0.0342723904252
96 67 0.0342723904252
30 87 0.0342515672037
87 30 0.0342515672037
42 82 0.0341686567045
82 42 0.0341686567045
19 42 0.0341480240894
20 100 0.0341480240894
42 19 0.0341480240894
82 100 0.0341480240894
100 20 0.0341480240894
100 82 0.0341480240894
20 30 0.0341274292452
27 87 0.0341274292452
30 20 0.0341274292452
87 27 0.0341274292452
12 43 0.0341068720562
43 12 0.0341068720562
87 100 0.0340658701837
100 87 0.0340658701837
19 85 0.0340454252714
85 19 0.0340454252714
36 37 0.0340250175567
37 36 0.0340250175567
51 70 0.0340250175567
51 75 0.0340250175567
70 51 0.0340250175567
75 51 0.0340250175567
91 102 0.0339843132678
102 91 0.0339843132678
16 21 0.0339640164686
21 16 0.0339640164686
26 56 0.0339640164686
56 26 0.0339640164686
15 19 0.0339437564172
19 15 0.0339437564172
16 100 0.0339235330022
27 82 0.0339235330022
82 27 0.0339235330022
100 16 0.0339235330022
30 82 0.0338831956389
82 30 0.0338831956389
25 100 0.0338630814703
100 25 0.0338630814703
15 82 0.0337630513967
25 47 0.0337630513967
47 25 0.0337630513967
82 15 0.0337630513967
12 96 0.0337431527797
56 102 0.0337431527797
96 12 0.0337431527797
100 102 0.0337431527797
102 56 0.0337431527797
102 100 0.0337431527797
56 85 0.0337034620873
85 56 0.0337034620873
42 56 0.0336836698
56 42 0.0336836698
15 91 0.0336441908164
47 87 0.0336441908164
87 47 0.0336441908164
91 15 0.0336441908164
67 87 0.033585234752
87 67 0.033585234752
12 28 0.033565652292
28 12 0.033565652292
42 102 0.0335265910973
102 42 0.0335265910973
19 27 0.0335071121585
19 30 0.0335071121585
27 19 0.0335071121585
30 19 0.0335071121585
37 43 0.0334876675232
43 37 0.0334876675232
85 102 0.0334682570905
102 85 0.0334682570905
70 93 0.0334488807597
75 93 0.0334488807597
93 70 0.0334488807597
93 75 0.0334488807597
20 47 0.0334102300036
27 102 0.0334102300036
47 20 0.0334102300036
52 70 0.0334102300036
52 75 0.0334102300036
70 52 0.0334102300036
75 52 0.0334102300036
102 27 0.0334102300036
26 42 0.033390955379
42 26 0.033390955379
19 100 0.0333717144581
21 28 0.0333717144581
28 21 0.0333717144581
100 19 0.0333717144581
85 91 0.0333525071423
91 85 0.0333525071423
42 91 0.0333333333333
91 42 0.0333333333333
19 47 0.0333141929335
47 19 0.0333141929335
35 70 0.0332760119723
35 75 0.0332760119723
70 35 0.0332760119723
75 35 0.0332760119723
15 56 0.0332569712174
26 85 0.0332569712174
56 15 0.0332569712174
85 26 0.0332569712174
12 25 0.0332379634846
25 12 0.0332379634846
26 30 0.0332379634846
30 26 0.0332379634846
36 62 0.0331811374631
36 63 0.0331811374631
62 36 0.0331811374631
63 36 0.0331811374631
30 102 0.0331058259777
102 30 0.0331058259777
10 36 0.0330870790063
36 10 0.0330870790063
70 98 0.0330683642089
75 98 0.0330683642089
98 70 0.0330683642089
98 75 0.0330683642089
47 82 0.0329938249178
82 47 0.0329938249178
21 43 0.0329752696126
43 21 0.0329752696126
57 70 0.0329752696126
57 75 0.0329752696126
70 57 0.0329752696126
75 57 0.0329752696126
21 36 0.0329567459328
36 21 0.0329567459328
37 56 0.0329567459328
56 37 0.0329567459328
5 70 0.0329382537884
5 75 0.0329382537884
12 82 0.0329382537884
70 5 0.0329382537884
75 5 0.0329382537884
82 12 0.0329382537884
12 16 0.0329197930895
16 12 0.0329197930895
12 87 0.0329013637467
87 12 0.0329013637467
19 67 0.032882965671
67 19 0.032882965671
36 99 0.0328645987736
68 70 0.0328645987736
68 75 0.0328645987736
70 68 0.0328645987736
75 68 0.0328645987736
99 36 0.0328645987736
25 37 0.0328462629661
26 100 0.0328462629661
27 56 0.0328462629661
36 73 0.0328462629661
37 25 0.0328462629661
56 27 0.0328462629661
73 36 0.0328462629661
100 26 0.0328462629661
12 20 0.0328279581607
15 26 0.0328279581607
20 12 0.0328279581607
26 15 0.0328279581607
12 19 0.0327732288813
19 12 0.0327732288813
67 82 0.0327550472106
82 67 0.0327550472106
15 102 0.0327368961071
102 15 0.0327368961071
26 27 0.0327187754848
27 26 0.0327187754848
43 62 0.0327187754848
43 63 0.0327187754848
43 73 0.0327187754848
62 43 0.0327187754848
63 43 0.0327187754848
73 43 0.0327187754848
91 100 0.0326826253416
100 91 0.0326826253416
47 85 0.0326645956506
85 47 0.0326645956506
30 56 0.0326286266068
56 30 0.0326286266068
56 100 0.0325748976275
100 56 0.0325748976275
70 79 0.0325214361553
75 79 0.0325214361553
79 70 0.0325214361553
79 75 0.0325214361553
28 37 0.0325036747257
37 28 0.0325036747257
26 67 0.0324859426904
27 91 0.0324859426904
28 62 0.0324859426904
28 63 0.0324859426904
42 85 0.0324859426904
62 28 0.0324859426904
63 28 0.0324859426904
67 26 0.0324859426904
85 42 0.0324859426904
91 27 0.0324859426904
37 96 0.0324505664772
47 56 0.0324505664772
56 47 0.0324505664772
96 37 0.0324505664772
21 96 0.0324329221376
96 21 0.0324329221376
43 61 0.0324153068688
61 43 0.0324153068688
25 99 0.0323801632231
99 25 0.0323801632231
27 42 0.032362634687
42 27 0.032362634687
62 96 0.032362634687
63 96 0.032362634687
96 62 0.032362634687
96 63 0.032362634687
20 61 0.032345134903
37 87 0.032345134903
47 91 0.032345134903
61 20 0.032345134903
61 96 0.032345134903
87 37 0.032345134903
91 47 0.032345134903
96 61 0.032345134903
16 45 0.0323276637924
45 16 0.0323276637924
36 44 0.0323102212765
44 36 0.0323102212765
16 37 0.0322928072771
37 16 0.0322928072771
85 100 0.0322928072771
100 85 0.0322928072771
43 99 0.0322754217162
47 102 0.0322754217162
99 43 0.0322754217162
102 47 0.0322754217162
3 16 0.0322580645161
16 3 0.0322580645161
26 47 0.0322234348894
28 61 0.0322234348894
47 26 0.0322234348894
61 28 0.0322234348894
16 39 0.0322061623089
39 16 0.0322061623089
15 27 0.0321889177816
27 15 0.0321889177816
15 42 0.0320860354873
18 70 0.0320860354873
18 75 0.0320860354873
21 91 0.0320860354873
25 73 0.0320860354873
36 45 0.0320860354873
42 15 0.0320860354873
42 47 0.0320860354873
45 36 0.0320860354873
47 42 0.0320860354873
70 18 0.0320860354873
73 25 0.0320860354873
75 18 0.0320860354873
91 21 0.0320860354873
12 26 0.0320689852149
26 12 0.0320689852149
27 85 0.0320689852149
70 101 0.0320689852149
75 101 0.0320689852149
85 27 0.0320689852149
101 70 0.0320689852149
101 75 0.0320689852149
43 45 0.0320349669512
45 43 0.0320349669512
96 99 0.0320349669512
99 96 0.0320349669512
30 42 0.0320179988123
36 50 0.0320179988123
36 61 0.0320179988123
42 30 0.0320179988123
50 36 0.0320179988123
61 36 0.0320179988123
27 47 0.0319841441539
47 27 0.0319841441539
12 91 0.0319503978354
67 102 0.0319503978354
91 12 0.0319503978354
102 67 0.0319503978354
25 61 0.0319335651225
61 25 0.0319335651225
25 71 0.0319167592777
43 71 0.0319167592777
71 25 0.0319167592777
71 43 0.0319167592777
12 56 0.0318832279059
28 99 0.0318832279059
56 12 0.0318832279059
99 28 0.0318832279059
20 62 0.0318498031497
20 63 0.0318498031497
21 25 0.0318498031497
25 21 0.0318498031497
62 20 0.0318498031497
63 20 0.0318498031497
15 85 0.0318331305752
30 100 0.0318331305752
85 15 0.0318331305752
100 30 0.0318331305752
28 45 0.0318164844426
45 28 0.0318164844426
14 36 0.0317998646817
20 37 0.0317998646817
28 71 0.0317998646817
36 14 0.0317998646817
37 20 0.0317998646817
71 28 0.0317998646817
12 102 0.0317832712227
62 87 0.0317832712227
63 87 0.0317832712227
87 62 0.0317832712227
87 63 0.0317832712227
102 12 0.0317832712227
27 100 0.031766703996
100 27 0.031766703996
56 67 0.0317501629321
67 56 0.0317501629321
10 43 0.0317336479621
36 71 0.0317336479621
42 100 0.0317336479621
43 10 0.0317336479621
71 36 0.0317336479621
100 42 0.0317336479621
15 30 0.0317171590171
18 26 0.0317171590171
19 37 0.0317171590171
26 18 0.0317171590171
30 15 0.0317171590171
37 19 0.0317171590171
70 77 0.0317171590171
75 77 0.0317171590171
77 70 0.0317171590171
77 75 0.0317171590171
15 47 0.0316842589281
21 87 0.0316842589281
25 62 0.0316842589281
25 63 0.0316842589281
47 15 0.0316842589281
62 25 0.0316842589281
63 25 0.0316842589281
87 21 0.0316842589281
30 47 0.0316514621193
47 30 0.0316514621193
30 85 0.0316351022757
43 50 0.0316351022757
50 43 0.0316351022757
85 30 0.0316351022757
87 99 0.0316024593732
99 87 0.0316024593732
16 99 0.0315861761805
21 67 0.0315861761805
21 82 0.0315861761805
62 82 0.0315861761805
63 82 0.0315861761805
67 21 0.0315861761805
71 96 0.0315861761805
82 21 0.0315861761805
82 62 0.0315861761805
82 63 0.0315861761805
96 71 0.0315861761805
99 16 0.0315861761805
16 93 0.0315699184046
20 99 0.0315699184046
93 16 0.0315699184046
99 20 0.0315699184046
28 73 0.0315374788382
43 68 0.0315374788382
61 91 0.0315374788382
68 43 0.0315374788382
73 28 0.0315374788382
91 61 0.0315374788382
73 96 0.0315212969157
96 73 0.0315212969157
19 62 0.0315051401461
19 63 0.0315051401461
62 19 0.0315051401461
63 19 0.0315051401461
43 44 0.031489008464
44 43 0.031489008464
56 73 0.031489008464
73 56 0.031489008464
15 100 0.0314729018043
100 15 0.0314729018043
20 73 0.0314568201021
44 96 0.0314568201021
73 20 0.0314568201021
96 44 0.0314568201021
19 21 0.0314407632927
20 45 0.0314407632927
21 19 0.0314407632927
45 20 0.0314407632927
16 73 0.031408724095
19 73 0.031408724095
37 82 0.031408724095
73 16 0.031408724095
73 19 0.031408724095
82 37 0.031408724095
14 43 0.0313927415784
27 30 0.0313927415784
30 27 0.0313927415784
43 14 0.0313927415784
71 87 0.0313927415784
87 71 0.0313927415784
15 67 0.0313767836984
16 62 0.0313767836984
16 63 0.0313767836984
62 16 0.0313767836984
63 16 0.0313767836984
67 15 0.0313767836984
10 87 0.0313449415941
16 71 0.0313449415941
71 16 0.0313449415941
87 10 0.0313449415941
14 96 0.0313290572434
96 14 0.0313290572434
10 96 0.0313131972767
28 39 0.0313131972767
39 28 0.0313131972767
61 87 0.0313131972767
87 61 0.0313131972767
96 10 0.0313131972767
11 70 0.0312815502447
11 75 0.0312815502447
70 11 0.0312815502447
75 11 0.0312815502447
70 86 0.03125
75 86 0.03125
86 70 0.03125
86 75 0.03125
10 28 0.0312342610183
28 10 0.0312342610183
16 101 0.0312185460482
45 96 0.0312185460482
96 45 0.0312185460482
101 16 0.0312185460482
45 87 0.0311871878984
87 45 0.0311871878984
10 12 0.0311559250631
12 10 0.0311559250631
28 44 0.0311559250631
44 28 0.0311559250631
48 70 0.0311559250631
48 75 0.0311559250631
50 96 0.0311559250631
70 48 0.0311559250631
75 48 0.0311559250631
96 50 0.0311559250631
26 37 0.031140329237
37 26 0.031140329237
28 50 0.0311092084673
44 87 0.0311092084673
50 28 0.0311092084673
87 44 0.0311092084673
12 42 0.0310936834039
42 12 0.0310936834039
12 85 0.0310781818087
85 12 0.0310781818087
47 100 0.0310318172402
100 47 0.0310318172402
20 39 0.0310164089268
39 20 0.0310164089268
10 25 0.0310010237871
25 10 0.0310010237871
10 16 0.0309856617628
16 10 0.0309856617628
19 99 0.0309856617628
26 61 0.0309856617628
61 26 0.0309856617628
71 82 0.0309856617628
82 71 0.0309856617628
99 19 0.0309856617628
20 50 0.0309703227958
25 45 0.0309703227958
42 67 0.0309703227958
45 25 0.0309703227958
50 20 0.0309703227958
67 42 0.0309703227958
21 26 0.0309397138028
26 21 0.0309397138028
61 82 0.0309397138028
82 61 0.0309397138028
25 44 0.0309244436616
44 25 0.0309244436616
82 99 0.0309091963474
99 82 0.0309091963474
3 43 0.0308787699725
43 3 0.0308787699725
43 51 0.0308787699725
51 43 0.0308787699725
14 28 0.0308484342239
28 14 0.0308484342239
30 67 0.0308484342239
67 30 0.0308484342239
39 43 0.03080309954
43 39 0.03080309954
12 15 0.0307880328054
15 12 0.0307880328054
3 28 0.0307729883916
28 3 0.0307729883916
67 71 0.0307729883916
71 67 0.0307729883916
12 27 0.0307579662431
27 12 0.0307579662431
35 43 0.0307579662431
37 91 0.0307579662431
43 35 0.0307579662431
50 87 0.0307579662431
87 50 0.0307579662431
91 37 0.0307579662431
56 62 0.030742966305
56 63 0.030742966305
62 56 0.030742966305
63 56 0.030742966305
71 91 0.030742966305
91 71 0.030742966305
10 19 0.0307130328403
19 10 0.0307130328403
67 85 0.0307130328403
85 67 0.0307130328403
10 20 0.0306980992045
15 52 0.0306980992045
16 44 0.0306980992045
20 10 0.0306980992045
27 67 0.0306980992045
44 16 0.0306980992045
52 15 0.0306980992045
67 27 0.0306980992045
3 36 0.0306831875605
20 71 0.0306831875605
36 3 0.0306831875605
71 20 0.0306831875605
21 102 0.0306534300317
62 91 0.0306534300317
62 102 0.0306534300317
63 91 0.0306534300317
63 102 0.0306534300317
91 62 0.0306534300317
91 63 0.0306534300317
102 21 0.0306534300317
102 62 0.0306534300317
102 63 0.0306534300317
36 39 0.0306385840391
38 70 0.0306385840391
38 75 0.0306385840391
39 36 0.0306385840391
70 38 0.0306385840391
70 88 0.0306385840391
75 38 0.0306385840391
75 88 0.0306385840391
88 70 0.0306385840391
88 75 0.0306385840391
21 56 0.0306237598229
39 91 0.0306237598229
56 21 0.0306237598229
73 87 0.0306237598229
87 73 0.0306237598229
91 39 0.0306237598229
26 62 0.0306089573296
26 63 0.0306089573296
62 26 0.0306089573296
63 26 0.0306089573296
20 44 0.030594176506
44 20 0.030594176506
67 100 0.030594176506
73 82 0.030594176506
82 73 0.030594176506
100 67 0.030594176506
35 91 0.0305794172991
91 35 0.0305794172991
19 61 0.030564679656
61 19 0.030564679656
37 102 0.0305499635241
102 37 0.0305499635241
14 82 0.0305352688508
82 14 0.0305352688508
37 42 0.0305059436711
42 37 0.0305059436711
44 82 0.0305059436711
55 70 0.0305059436711
55 75 0.0305059436711
70 55 0.0305059436711
75 55 0.0305059436711
82 44 0.0305059436711
19 45 0.0304767037005
36 51 0.0304767037005
45 19 0.0304767037005
51 36 0.0304767037005
12 47 0.0304621155392
19 44 0.0304621155392
25 50 0.0304621155392
43 57 0.0304621155392
44 19 0.0304621155392
47 12 0.0304621155392
50 25 0.0304621155392
57 43 0.0304621155392
68 96 0.0304621155392
96 68 0.0304621155392
16 50 0.0304475485254
50 16 0.0304475485254
50 82 0.0304330026076
82 50 0.0304330026076
12 100 0.030418477735
14 25 0.030418477735
25 14 0.030418477735
28 51 0.030418477735
51 28 0.030418477735
100 12 0.030418477735
12 30 0.0304039738565
30 12 0.0304039738565
42 99 0.0303894909214
99 42 0.0303894909214
15 21 0.0303750288792
21 15 0.0303750288792
57 96 0.0303750288792
96 57 0.0303750288792
3 96 0.0303461672719
19 71 0.0303461672719
45 82 0.0303461672719
71 19 0.0303461672719
82 45 0.0303461672719
96 3 0.0303461672719
14 20 0.0303317676066
20 14 0.0303317676066
70 81 0.030303030303
75 81 0.030303030303
81 70 0.030303030303
81 75 0.030303030303
14 16 0.0302886925656
16 14 0.0302886925656
45 91 0.0302886925656
91 45 0.0302886925656
14 102 0.0302743753718
19 50 0.0302743753718
50 19 0.0302743753718
102 14 0.0302743753718
3 25 0.0302600786724
25 3 0.0302600786724
26 71 0.0302600786724
28 93 0.0302600786724
71 26 0.0302600786724
93 28 0.0302600786724
14 87 0.0302458024185
87 14 0.0302458024185
16 98 0.030231546561
25 57 0.030231546561
57 25 0.030231546561
98 16 0.030231546561
99 102 0.030231546561
102 99 0.030231546561
39 67 0.0302173110513
39 96 0.0302173110513
67 39 0.0302173110513
96 39 0.0302173110513
10 82 0.0302030958408
51 96 0.0302030958408
56 99 0.0302030958408
82 10 0.0302030958408
96 51 0.0302030958408
99 56 0.0302030958408
25 39 0.0301605715214
39 25 0.0301605715214
39 87 0.0301605715214
87 39 0.0301605715214
36 93 0.0301464370254
93 36 0.0301464370254
20 93 0.0301323225883
93 20 0.0301323225883
26 99 0.0301041537003
43 93 0.0301041537003
54 70 0.0301041537003
54 75 0.0301041537003
70 54 0.0301041537003
75 54 0.0301041537003
93 43 0.0301041537003
99 26 0.0301041537003
5 36 0.0300760644785
35 36 0.0300760644785
36 5 0.0300760644785
36 35 0.0300760644785
3 87 0.0300620496248
10 56 0.0300620496248
56 10 0.0300620496248
56 61 0.0300620496248
61 56 0.0300620496248
61 102 0.0300620496248
87 3 0.0300620496248
102 61 0.0300620496248
28 57 0.0300480545467
57 28 0.0300480545467
93 96 0.0300480545467
96 93 0.0300480545467
3 20 0.0300340791976
5 96 0.0300340791976
20 3 0.0300340791976
45 56 0.0300340791976
56 45 0.0300340791976
91 99 0.0300340791976
96 5 0.0300340791976
99 91 0.0300340791976
26 50 0.030020123531
36 57 0.030020123531
50 26 0.030020123531
57 36 0.030020123531
73 91 0.030020123531
91 73 0.030020123531
3 82 0.0300061875005
28 52 0.0300061875005
42 62 0.0300061875005
42 63 0.0300061875005
52 28 0.0300061875005
62 42 0.0300061875005
63 42 0.0300061875005
82 3 0.0300061875005
27 37 0.0299922710599
37 27 0.0299922710599
21 42 0.0299783741632
42 21 0.0299783741632
69 70 0.0299644967645
69 75 0.0299644967645
70 69 0.0299644967645
75 69 0.0299644967645
5 43 0.0299506388181
43 5 0.0299506388181
16 57 0.0299368002784
56 71 0.0299368002784
57 16 0.0299368002784
71 56 0.0299368002784
28 98 0.0299229810999
37 85 0.0299229810999
50 56 0.0299229810999
56 50 0.0299229810999
85 37 0.0299229810999
98 28 0.0299229810999
3 67 0.0298954006456
47 67 0.0298954006456
67 3 0.0298954006456
67 47 0.0298954006456
73 102 0.0298816392797
102 73 0.0298816392797
10 91 0.0298678970947
91 10 0.0298678970947
30 37 0.029854174046
37 30 0.029854174046
35 96 0.029840470089
45 102 0.029840470089
51 82 0.029840470089
57 87 0.029840470089
70 83 0.029840470089
75 83 0.029840470089
82 51 0.029840470089
83 70 0.029840470089
83 75 0.029840470089
87 57 0.029840470089
96 35 0.029840470089
102 45 0.029840470089
43 52 0.0298267851794
44 91 0.0298267851794
52 43 0.0298267851794
91 44 0.0298267851794
20 51 0.0298131192727
21 61 0.0298131192727
51 20 0.0298131192727
61 21 0.0298131192727
25 51 0.0297858442923
26 73 0.0297858442923
36 52 0.0297858442923
51 25 0.0297858442923
52 36 0.0297858442923
73 26 0.0297858442923
10 26 0.0297722351306
20 52 0.0297722351306
26 10 0.0297722351306
52 20 0.0297722351306
14 19 0.0297586447964
16 52 0.0297586447964
19 14 0.0297586447964
27 62 0.0297586447964
27 63 0.0297586447964
52 16 0.0297586447964
62 27 0.0297586447964
63 27 0.0297586447964
42 61 0.0297450732461
44 102 0.0297450732461
61 42 0.0297450732461
91 93 0.0297450732461
93 91 0.0297450732461
102 44 0.0297450732461
5 67 0.0297315204362
67 5 0.0297315204362
3 61 0.0297179863236
28 35 0.0297179863236
35 28 0.0297179863236
61 3 0.0297179863236
21 27 0.029704470865
27 21 0.029704470865
26 44 0.0296774957383
30 62 0.0296774957383
30 63 0.0296774957383
35 82 0.0296774957383
44 26 0.0296774957383
62 30 0.0296774957383
63 30 0.0296774957383
82 35 0.0296774957383
5 16 0.0296640359847
12 67 0.0296640359847
14 56 0.0296640359847
16 5 0.0296640359847
25 93 0.0296640359847
56 14 0.0296640359847
67 12 0.0296640359847
93 25 0.0296640359847
20 57 0.0296505947139
51 87 0.0296505947139
57 20 0.0296505947139
87 51 0.0296505947139
15 61 0.0296371718837
16 35 0.0296371718837
35 16 0.0296371718837
61 15 0.0296371718837
62 85 0.0296371718837
63 85 0.0296371718837
85 62 0.0296371718837
85 63 0.0296371718837
3 91 0.0296237674518
68 82 0.0296237674518
82 68 0.0296237674518
91 3 0.0296237674518
14 26 0.0295970136141
19 39 0.0295970136141
21 30 0.0295970136141
26 14 0.0295970136141
26 39 0.0295970136141
30 21 0.0295970136141
39 19 0.0295970136141
39 26 0.0295970136141
43 98 0.0295836641244
52 96 0.0295836641244
71 102 0.0295836641244
73 85 0.0295836641244
85 73 0.0295836641244
96 52 0.0295836641244
98 43 0.0295836641244
102 71 0.0295836641244
36 98 0.0295703328651
98 36 0.0295703328651
99 100 0.0295703328651
100 99 0.0295703328651
16 51 0.0295570197946
16 68 0.0295570197946
21 85 0.0295570197946
51 16 0.0295570197946
68 16 0.0295570197946
85 21 0.0295570197946
51 91 0.0295437248713
91 51 0.0295437248713
21 100 0.029530448054
27 99 0.029530448054
99 27 0.029530448054
100 21 0.029530448054
20 35 0.0295171893014
35 20 0.0295171893014
50 85 0.0295171893014
85 50 0.0295171893014
3 26 0.0295039485724
26 3 0.0295039485724
44 56 0.0295039485724
56 44 0.0295039485724
85 99 0.0294907258261
99 85 0.0294907258261
3 19 0.0294775210215
5 28 0.0294775210215
14 91 0.0294775210215
15 37 0.0294775210215
19 3 0.0294775210215
28 5 0.0294775210215
37 15 0.0294775210215
91 14 0.0294775210215
25 35 0.0294643341181
35 25 0.0294643341181
37 100 0.0294643341181
100 37 0.0294643341181
37 47 0.0294511650752
39 82 0.0294511650752
47 37 0.0294511650752
82 39 0.0294511650752
10 85 0.0294380138524
15 62 0.0294380138524
15 63 0.0294380138524
50 91 0.0294380138524
62 15 0.0294380138524
63 15 0.0294380138524
85 10 0.0294380138524
91 50 0.0294380138524
26 45 0.0294248804093
36 68 0.0294248804093
45 26 0.0294248804093
47 50 0.0294248804093
50 47 0.0294248804093
68 36 0.0294248804093
25 52 0.029398666702
27 61 0.029398666702
43 101 0.029398666702
52 25 0.029398666702
61 27 0.029398666702
101 43 0.029398666702
28 101 0.0293855863576
50 102 0.0293855863576
101 28 0.0293855863576
102 50 0.0293855863576
5 25 0.0293594784887
25 5 0.0293594784887
36 101 0.0293594784887
37 67 0.0293594784887
57 82 0.0293594784887
67 37 0.0293594784887
82 57 0.0293594784887
101 36 0.0293594784887
3 56 0.029333440782
5 20 0.029333440782
20 5 0.029333440782
42 71 0.029333440782
56 3 0.029333440782
71 42 0.029333440782
26 68 0.0293204481411
68 26 0.0293204481411
96 98 0.0293204481411
98 96 0.0293204481411
20 98 0.029294515088
25 79 0.029294515088
62 100 0.029294515088
63 100 0.029294515088
79 25 0.029294515088
98 20 0.029294515088
100 62 0.029294515088
100 63 0.029294515088
10 102 0.0292815745979
15 71 0.0292815745979
45 85 0.0292815745979
71 15 0.0292815745979
85 45 0.0292815745979
102 10 0.0292815745979
62 67 0.0292686514136
63 67 0.0292686514136
67 62 0.0292686514136
67 63 0.0292686514136
26 93 0.0292557454964
93 26 0.0292557454964
15 73 0.0292299853093
42 73 0.0292299853093
68 91 0.0292299853093
73 15 0.0292299853093
73 42 0.0292299853093
91 68 0.0292299853093
15 45 0.0292171309625
45 15 0.0292171309625
45 47 0.0292171309625
47 45 0.0292171309625
12 37 0.0292042937293
21 47 0.0292042937293
36 79 0.0292042937293
37 12 0.0292042937293
47 21 0.0292042937293
79 36 0.0292042937293
14 85 0.0291914735716
26 51 0.0291914735716
30 61 0.0291914735716
51 26 0.0291914735716
61 30 0.0291914735716
85 14 0.0291914735716
30 71 0.0291786704514
42 44 0.0291786704514
44 42 0.0291786704514
47 62 0.0291786704514
47 63 0.0291786704514
62 47 0.0291786704514
63 47 0.0291786704514
71 30 0.0291786704514
27 45 0.0291658843308
28 68 0.0291658843308
30 50 0.0291658843308
45 27 0.0291658843308
50 30 0.0291658843308
68 28 0.0291658843308
71 85 0.0291658843308
85 71 0.0291658843308
18 43 0.0291531151721
27 71 0.0291531151721
43 18 0.0291531151721
71 27 0.0291531151721
14 42 0.0291276275901
42 14 0.0291276275901
15 99 0.0291149090919
99 15 0.0291149090919
35 87 0.0291022074058
87 35 0.0291022074058
10 42 0.0290895224947
19 51 0.0290895224947
42 10 0.0290895224947
51 19 0.0290895224947
41 70 0.0290768543215
41 75 0.0290768543215
70 41 0.0290768543215
75 41 0.0290768543215
26 35 0.0290642028493
30 99 0.0290642028493
35 26 0.0290642028493
42 45 0.0290642028493
45 42 0.0290642028493
52 87 0.0290642028493
82 93 0.0290642028493
87 52 0.0290642028493
93 82 0.0290642028493
99 30 0.0290642028493
27 44 0.0290515680413
30 44 0.0290515680413
44 27 0.0290515680413
44 30 0.0290515680413
87 93 0.0290389498609
93 87 0.0290389498609
16 77 0.0290137632362
39 56 0.0290137632362
56 39 0.0290137632362
77 16 0.0290137632362
18 96 0.0290011947193
27 73 0.0290011947193
44 47 0.0290011947193
47 44 0.0290011947193
61 85 0.0290011947193
73 27 0.0290011947193
85 61 0.0290011947193
96 18 0.0290011947193
12 62 0.0289886426841
12 63 0.0289886426841
18 36 0.0289886426841
25 98 0.0289886426841
36 18 0.0289886426841
43 79 0.0289886426841
62 12 0.0289886426841
63 12 0.0289886426841
79 43 0.0289886426841
98 25 0.0289886426841
30 45 0.0289635879149
42 50 0.0289635879149
45 30 0.0289635879149
47 99 0.0289635879149
50 42 0.0289635879149
79 96 0.0289635879149
96 79 0.0289635879149
99 47 0.0289635879149
47 73 0.028951085109
73 47 0.028951085109
19 57 0.028938598641
57 19 0.028938598641
67 73 0.028938598641
73 67 0.028938598641
96 101 0.028938598641
101 96 0.028938598641
12 50 0.0289261284753
50 12 0.0289261284753
32 88 0.0289136745763
44 85 0.0289136745763
71 100 0.0289136745763
85 44 0.0289136745763
88 32 0.0289136745763
100 71 0.0289136745763
19 52 0.0289012369085
20 68 0.0289012369085
25 68 0.0289012369085
52 19 0.0289012369085
68 20 0.0289012369085
68 25 0.0289012369085
19 79 0.0288764101253
28 79 0.0288764101253
61 100 0.0288764101253
79 19 0.0288764101253
79 28 0.0288764101253
100 61 0.0288764101253
25 86 0.0288640209395
26 57 0.0288640209395
57 26 0.0288640209395
73 100 0.0288640209395
86 25 0.0288640209395
87 98 0.0288640209395
98 87 0.0288640209395
100 73 0.0288640209395
10 30 0.028839290804
10 47 0.028839290804
14 100 0.028839290804
30 10 0.028839290804
36 77 0.028839290804
47 10 0.028839290804
77 36 0.028839290804
82 98 0.028839290804
98 82 0.028839290804
100 14 0.028839290804
87 101 0.0288146247513
101 87 0.0288146247513
51 56 0.0288023156692
56 51 0.0288023156692
5 91 0.0287777452209
14 27 0.0287777452209
19 93 0.0287777452209
27 14 0.0287777452209
45 67 0.0287777452209
67 45 0.0287777452209
91 5 0.0287777452209
93 19 0.0287777452209
5 87 0.028753238165
77 96 0.028753238165
87 5 0.028753238165
96 77 0.028753238165
5 19 0.0287410083238
10 15 0.0287410083238
10 27 0.0287410083238
15 10 0.0287410083238
18 28 0.0287410083238
19 5 0.0287410083238
20 101 0.0287410083238
27 10 0.0287410083238
28 18 0.0287410083238
39 102 0.0287410083238
101 20 0.0287410083238
102 39 0.0287410083238
12 99 0.0287287942283
99 12 0.0287287942283
52 82 0.0287165958448
82 52 0.0287165958448
3 102 0.0287044131393
28 38 0.0287044131393
38 28 0.0287044131393
70 74 0.0287044131393
74 70 0.0287044131393
74 75 0.0287044131393
75 74 0.0287044131393
102 3 0.0287044131393
25 48 0.0286922460783
48 25 0.0286922460783
56 79 0.0286922460783
67 101 0.0286922460783
79 56 0.0286922460783
101 67 0.0286922460783
16 48 0.0286800946281
30 73 0.0286800946281
48 16 0.0286800946281
57 91 0.0286800946281
73 30 0.0286800946281
91 57 0.0286800946281
43 77 0.0286558384263
68 87 0.0286558384263
77 43 0.0286558384263
87 68 0.0286558384263
12 21 0.028643733608
19 35 0.028643733608
21 12 0.028643733608
35 19 0.028643733608
52 56 0.028643733608
56 52 0.028643733608
14 15 0.0286316442673
15 14 0.0286316442673
47 71 0.0286316442673
61 71 0.0286316442673
71 47 0.0286316442673
71 61 0.0286316442673
27 50 0.0286195703709
50 27 0.0286195703709
5 82 0.028607511886
15 39 0.028607511886
36 48 0.028607511886
39 15 0.028607511886
48 36 0.028607511886
82 5 0.028607511886
10 50 0.0285954687796
47 61 0.0285954687796
50 10 0.0285954687796
61 47 0.0285954687796
67 99 0.028583441019
99 67 0.028583441019
11 43 0.0285714285714
43 11 0.0285714285714
44 100 0.0285714285714
100 44 0.0285714285714
11 36 0.0285594314043
15 44 0.0285594314043
36 11 0.0285594314043
44 15 0.0285594314043
18 91 0.0285354827816
61 93 0.0285354827816
67 72 0.0285354827816
72 67 0.0285354827816
91 18 0.0285354827816
93 61 0.0285354827816
3 15 0.0285235312613
15 3 0.0285235312613
25 38 0.0285235312613
28 77 0.0285235312613
38 25 0.0285235312613
48 96 0.0285235312613
53 70 0.0285235312613
53 75 0.0285235312613
70 53 0.0285235312613
75 53 0.0285235312613
77 28 0.0285235312613
96 48 0.0285235312613
18 82 0.0285115948921
28 48 0.0285115948921
39 45 0.0285115948921
45 39 0.0285115948921
48 28 0.0285115948921
82 18 0.0285115948921
25 101 0.0284996736418
101 25 0.0284996736418
35 67 0.0284877674785
45 100 0.0284877674785
67 35 0.0284877674785
100 45 0.0284877674785
70 72 0.0284758763701
72 70 0.0284758763701
72 75 0.0284758763701
75 72 0.0284758763701
91 98 0.0284521391914
98 91 0.0284521391914
20 77 0.0284402930575
36 86 0.0284402930575
56 57 0.0284402930575
57 56 0.0284402930575
77 20 0.0284402930575
86 36 0.0284402930575
10 100 0.0284166455433
51 102 0.0284166455433
57 67 0.0284166455433
67 57 0.0284166455433
100 10 0.0284166455433
102 51 0.0284166455433
67 93 0.0284048441001
93 67 0.0284048441001
43 48 0.0283812856851
48 43 0.0283812856851
19 98 0.0283695286511
35 56 0.0283695286511
39 42 0.0283695286511
42 39 0.0283695286511
50 100 0.0283695286511
56 35 0.0283695286511
98 19 0.0283695286511
100 50 0.0283695286511
15 50 0.0283577863581
50 15 0.0283577863581
11 28 0.0283460587751
14 30 0.0283460587751
14 47 0.0283460587751
16 79 0.0283460587751
28 11 0.0283460587751
30 14 0.0283460587751
30 39 0.0283460587751
39 30 0.0283460587751
47 14 0.0283460587751
79 16 0.0283460587751
32 86 0.0283343458715
86 32 0.0283343458715
5 56 0.0283226476163
36 38 0.0283226476163
38 36 0.0283226476163
56 5 0.0283226476163
25 88 0.0283109639792
30 51 0.0283109639792
42 51 0.0283109639792
48 67 0.0283109639792
51 30 0.0283109639792
51 42 0.0283109639792
67 48 0.0283109639792
88 25 0.0283109639792
11 96 0.0282876404365
37 99 0.0282876404365
79 82 0.0282876404365
82 79 0.0282876404365
93 102 0.0282876404365
96 11 0.0282876404365
99 37 0.0282876404365
102 93 0.0282876404365
2 70 0.0282643750003
2 75 0.0282643750003
42 57 0.0282643750003
57 42 0.0282643750003
67 98 0.0282643750003
70 2 0.0282643750003
75 2 0.0282643750003
98 67 0.0282643750003
11 82 0.0282411674287
43 86 0.0282411674287
45 61 0.0282411674287
61 45 0.0282411674287
82 11 0.0282411674287
86 43 0.0282411674287
12 51 0.028229585267
18 25 0.028229585267
25 18 0.028229585267
51 12 0.028229585267
3 30 0.0282180174814
7 68 0.0282180174814
19 68 0.0282180174814
30 3 0.0282180174814
52 91 0.0282180174814
68 7 0.0282180174814
68 19 0.0282180174814
79 87 0.0282180174814
87 79 0.0282180174814
91 52 0.0282180174814
3 21 0.0282064640421
3 100 0.0282064640421
21 3 0.0282064640421
39 61 0.0282064640421
61 39 0.0282064640421
100 3 0.0282064640421
38 43 0.0281949249193
43 38 0.0281949249193
44 67 0.0281949249193
67 44 0.0281949249193
82 101 0.0281949249193
86 96 0.0281949249193
96 86 0.0281949249193
101 82 0.0281949249193
18 87 0.0281834000834
87 18 0.0281834000834
5 26 0.0281718895049
26 5 0.0281718895049
39 93 0.0281718895049
56 98 0.0281718895049
93 39 0.0281718895049
98 56 0.0281718895049
35 102 0.0281603931542
102 35 0.0281603931542
12 71 0.0281489110019
20 79 0.0281489110019
21 93 0.0281489110019
71 12 0.0281489110019
79 20 0.0281489110019
93 21 0.0281489110019
5 102 0.0281374430187
26 52 0.0281374430187
52 26 0.0281374430187
57 102 0.0281374430187
102 5 0.0281374430187
102 57 0.0281374430187
3 27 0.0281259891755
20 48 0.0281259891755
27 3 0.0281259891755
37 61 0.0281259891755
48 20 0.0281259891755
56 93 0.0281259891755
61 37 0.0281259891755
91 101 0.0281259891755
93 56 0.0281259891755
101 91 0.0281259891755
15 93 0.028114549443
27 93 0.028114549443
51 85 0.028114549443
85 51 0.028114549443
93 15 0.028114549443
93 27 0.028114549443
11 25 0.0281031237921
