62 63 1.0
63 62 1.0
70 75 1.0
75 70 1.0
86 87 0.701067615658
87 86 0.701067615658
65 84 0.387129724208
84 65 0.387129724208
54 86 0.204793028322
86 54 0.204793028322
86 88 0.184647302905
88 86 0.184647302905
54 88 0.178423236515
88 54 0.178423236515
13 86 0.174721189591
86 13 0.174721189591
13 54 0.171374764595
54 13 0.171374764595
13 88 0.159784560144
88 13 0.159784560144
86 90 0.124331550802
90 86 0.124331550802
54 90 0.123834886818
90 54 0.123834886818
88 90 0.122875816993
90 88 0.122875816993
13 90 0.118148599269
90 13 0.118148599269
61 67 0.100456621005
67 61 0.100456621005
66 84 0.0917797286512
84 66 0.0917797286512
61 64 0.0876671619614
64 61 0.0876671619614
65 66 0.0868263473054
66 65 0.0868263473054
1 97 0.0807174887892
97 1 0.0807174887892
33 34 0.0749148694665
34 33 0.0749148694665
60 61 0.0748829953198
61 60 0.0748829953198
25 56 0.0737179487179
56 25 0.0737179487179
19 56 0.0722891566265
56 19 0.0722891566265
4 104 0.0714285714286
104 4 0.0714285714286
78 91 0.0706896551724
91 78 0.0706896551724
34 38 0.0680555555556
38 34 0.0680555555556
15 52 0.0675675675676
52 15 0.0675675675676
47 85 0.0675
85 47 0.0675
20 21 0.0671834625323
21 20 0.0671834625323
4 53 0.0671755725191
53 4 0.0671755725191
7 68 0.0661157024793
68 7 0.0661157024793
19 25 0.0653409090909
25 19 0.0653409090909
60 65 0.0647482014388
65 60 0.0647482014388
16 101 0.064367816092
101 16 0.064367816092
45 101 0.0643153526971
101 45 0.0643153526971
54 104 0.0642722117202
104 54 0.0642722117202
39 67 0.0641975308642
67 39 0.0641975308642
78 94 0.0641975308642
94 78 0.0641975308642
39 61 0.0641025641026
61 39 0.0641025641026
79 95 0.0639777468707
95 79 0.0639777468707
7 61 0.0639625585023
61 7 0.0639625585023
15 69 0.0637450199203
69 15 0.0637450199203
64 65 0.0637168141593
65 64 0.0637168141593
101 104 0.0635208711434
104 101 0.0635208711434
25 95 0.0632688927944
95 25 0.0632688927944
7 104 0.0630769230769
104 7 0.0630769230769
7 53 0.0629575402635
53 7 0.0629575402635
52 69 0.0622710622711
69 52 0.0622710622711
4 34 0.0619946091644
34 4 0.0619946091644
8 71 0.06191369606
71 8 0.06191369606
60 67 0.061872909699
67 60 0.061872909699
72 101 0.0618181818182
101 72 0.0618181818182
6 80 0.0617283950617
80 6 0.0617283950617
61 72 0.0616570327553
72 61 0.0616570327553
49 54 0.0615640599002
54 49 0.0615640599002
33 38 0.0615384615385
38 33 0.0615384615385
34 78 0.0614596670935
78 34 0.0614596670935
31 46 0.0613915416098
46 31 0.0613915416098
94 103 0.0613915416098
103 94 0.0613915416098
94 101 0.061377245509
101 94 0.061377245509
64 72 0.0612535612536
72 64 0.0612535612536
67 76 0.0608365019011
76 67 0.0608365019011
2 59 0.0608187134503
59 2 0.0608187134503
29 71 0.060650887574
71 29 0.060650887574
31 41 0.0606060606061
41 31 0.0606060606061
6 33 0.0602798708288
33 6 0.0602798708288
15 45 0.0601503759398
45 15 0.0601503759398
49 76 0.0599700149925
76 49 0.0599700149925
50 85 0.0597014925373
85 50 0.0597014925373
27 62 0.059620596206
27 63 0.059620596206
62 27 0.059620596206
63 27 0.059620596206
4 24 0.0595947556615
24 4 0.0595947556615
71 76 0.0594795539033
76 71 0.0594795539033
53 68 0.0594594594595
68 53 0.0594594594595
7 39 0.0594227504244
39 7 0.0594227504244
49 101 0.0593900481541
101 49 0.0593900481541
8 78 0.0590604026846
78 8 0.0590604026846
67 72 0.0589519650655
72 67 0.0589519650655
39 101 0.0588235294118
61 101 0.0588235294118
101 39 0.0588235294118
101 61 0.0588235294118
61 98 0.0587121212121
98 61 0.0587121212121
71 72 0.0585774058577
72 71 0.0585774058577
6 15 0.0584192439863
15 6 0.0584192439863
45 62 0.0583756345178
45 63 0.0583756345178
62 45 0.0583756345178
63 45 0.0583756345178
21 72 0.0583501006036
72 21 0.0583501006036
31 81 0.0582959641256
81 31 0.0582959641256
33 35 0.0582403965304
35 33 0.0582403965304
41 81 0.0581039755352
81 41 0.0581039755352
56 95 0.0580762250454
95 56 0.0580762250454
94 104 0.0580152671756
104 94 0.0580152671756
8 33 0.0580046403712
33 8 0.0580046403712
49 61 0.0579470198675
61 49 0.0579470198675
33 80 0.0578947368421
80 33 0.0578947368421
4 101 0.0578386605784
101 4 0.0578386605784
4 72 0.0578125
72 4 0.0578125
34 76 0.0578034682081
76 34 0.0578034682081
24 78 0.0576923076923
78 24 0.0576923076923
78 104 0.0575842696629
104 78 0.0575842696629
24 49 0.0574572127139
49 24 0.0574572127139
67 71 0.0574162679426
71 67 0.0574162679426
25 28 0.0574018126888
28 25 0.0574018126888
21 39 0.0573394495413
39 21 0.0573394495413
46 50 0.0572831423895
50 46 0.0572831423895
76 98 0.0572390572391
98 76 0.0572390572391
61 83 0.056862745098
83 61 0.056862745098
64 80 0.0567107750473
80 64 0.0567107750473
15 20 0.056657223796
20 15 0.056657223796
48 60 0.0566037735849
60 48 0.0566037735849
25 79 0.0565656565657
79 25 0.0565656565657
11 55 0.0565149136578
55 11 0.0565149136578
49 67 0.0564663023679
67 49 0.0564663023679
61 77 0.0564516129032
77 61 0.0564516129032
18 26 0.0562659846547
26 18 0.0562659846547
42 99 0.0560975609756
99 42 0.0560975609756
91 103 0.0560928433269
103 91 0.0560928433269
67 74 0.0560344827586
74 67 0.0560344827586
5 15 0.0559139784946
15 5 0.0559139784946
69 103 0.0558912386707
103 69 0.0558912386707
7 72 0.0558139534884
72 7 0.0558139534884
25 73 0.0558035714286
73 25 0.0558035714286
4 7 0.0557768924303
7 4 0.0557768924303
20 43 0.0557620817844
43 20 0.0557620817844
27 71 0.0556962025316
71 27 0.0556962025316
4 33 0.0556768558952
33 4 0.0556768558952
6 61 0.0556414219474
61 6 0.0556414219474
78 101 0.0556328233658
101 78 0.0556328233658
52 103 0.0555555555556
76 101 0.0555555555556
101 76 0.0555555555556
103 52 0.0555555555556
52 80 0.0554913294798
80 52 0.0554913294798
3 76 0.0554592720971
76 3 0.0554592720971
24 104 0.0554089709763
104 24 0.0554089709763
34 61 0.0553745928339
61 34 0.0553745928339
4 60 0.0552699228792
60 4 0.0552699228792
34 48 0.0552147239264
48 34 0.0552147239264
61 91 0.0551724137931
91 61 0.0551724137931
54 60 0.0551301684533
60 54 0.0551301684533
61 71 0.0550847457627
71 61 0.0550847457627
61 76 0.0549828178694
76 61 0.0549828178694
64 66 0.0549738219895
66 64 0.0549738219895
3 101 0.0549450549451
101 3 0.0549450549451
82 100 0.0549199084668
100 82 0.0549199084668
30 100 0.0547619047619
100 30 0.0547619047619
24 33 0.0547409579668
33 24 0.0547409579668
5 30 0.0547368421053
30 5 0.0547368421053
52 72 0.0547169811321
72 52 0.0547169811321
80 94 0.0547112462006
94 80 0.0547112462006
14 42 0.0546448087432
42 14 0.0546448087432
49 94 0.0546448087432
94 49 0.0546448087432
98 101 0.0546448087432
101 98 0.0546448087432
5 41 0.0546021840874
41 5 0.0546021840874
14 27 0.0545977011494
27 14 0.0545977011494
16 34 0.0545112781955
34 16 0.0545112781955
6 23 0.0544993662864
23 6 0.0544993662864
15 28 0.054347826087
28 15 0.054347826087
33 39 0.0543046357616
39 33 0.0543046357616
61 66 0.0543032786885
66 61 0.0543032786885
33 78 0.0542797494781
78 33 0.0542797494781
64 104 0.0542740841248
104 64 0.0542740841248
23 40 0.0541871921182
40 23 0.0541871921182
60 80 0.0541624874624
80 60 0.0541624874624
39 91 0.0540540540541
68 87 0.0540540540541
87 68 0.0540540540541
91 39 0.0540540540541
64 67 0.054012345679
67 64 0.054012345679
26 96 0.0539682539683
96 26 0.0539682539683
19 95 0.0539629005059
95 19 0.0539629005059
3 94 0.0539291217257
94 3 0.0539291217257
72 98 0.0539033457249
98 72 0.0539033457249
2 40 0.0537772087068
40 2 0.0537772087068
94 98 0.0537634408602
98 94 0.0537634408602
73 79 0.0537459283388
79 73 0.0537459283388
9 22 0.0537340619308
22 9 0.0537340619308
29 83 0.0536723163842
83 29 0.0536723163842
47 81 0.0536082474227
81 47 0.0536082474227
49 68 0.0536013400335
68 49 0.0536013400335
49 60 0.053547523427
60 49 0.053547523427
60 101 0.0535455861071
101 60 0.0535455861071
19 79 0.0534351145038
79 19 0.0534351145038
5 83 0.0533596837945
83 5 0.0533596837945
27 98 0.0533333333333
98 27 0.0533333333333
53 104 0.053264604811
104 53 0.053264604811
62 102 0.0532544378698
63 102 0.0532544378698
102 62 0.0532544378698
102 63 0.0532544378698
18 78 0.0531757754801
78 18 0.0531757754801
45 49 0.0531135531136
49 45 0.0531135531136
7 34 0.053050397878
34 7 0.053050397878
32 39 0.0530303030303
39 32 0.0530303030303
52 101 0.0530164533821
101 52 0.0530164533821
43 71 0.0529411764706
71 43 0.0529411764706
15 43 0.0527950310559
43 15 0.0527950310559
71 83 0.0527472527473
83 71 0.0527472527473
3 49 0.0526315789474
24 103 0.0526315789474
31 90 0.0526315789474
34 94 0.0526315789474
44 71 0.0526315789474
49 3 0.0526315789474
71 44 0.0526315789474
90 31 0.0526315789474
94 34 0.0526315789474
103 24 0.0526315789474
14 82 0.0525
82 14 0.0525
76 104 0.0524590163934
104 76 0.0524590163934
64 78 0.0524553571429
78 64 0.0524553571429
3 11 0.0524412296564
11 3 0.0524412296564
48 72 0.0524412296564
72 48 0.0524412296564
3 71 0.0524109014675
71 3 0.0524109014675
66 76 0.0523763336566
76 66 0.0523763336566
7 86 0.0523076923077
86 7 0.0523076923077
76 78 0.0522875816993
78 76 0.0522875816993
28 45 0.0521978021978
45 28 0.0521978021978
7 78 0.0521844660194
78 7 0.0521844660194
4 39 0.0521739130435
39 4 0.0521739130435
61 94 0.0521472392638
94 61 0.0521472392638
7 87 0.0520833333333
10 12 0.0520833333333
12 10 0.0520833333333
87 7 0.0520833333333
34 104 0.052067381317
104 34 0.052067381317
30 83 0.0520607375271
32 61 0.0520607375271
61 32 0.0520607375271
83 30 0.0520607375271
24 60 0.052036199095
60 24 0.052036199095
33 65 0.0520186335404
65 33 0.0520186335404
20 98 0.0520094562648
64 94 0.0520094562648
94 64 0.0520094562648
98 20 0.0520094562648
36 43 0.052
43 36 0.052
3 5 0.0519230769231
5 3 0.0519230769231
34 101 0.0519083969466
101 34 0.0519083969466
49 77 0.0519031141869
77 49 0.0519031141869
47 99 0.0518867924528
99 47 0.0518867924528
4 80 0.0518292682927
80 4 0.0518292682927
91 94 0.0517857142857
94 91 0.0517857142857
60 64 0.0517647058824
64 60 0.0517647058824
66 80 0.0516324981017
80 66 0.0516324981017
5 76 0.0515463917526
76 5 0.0515463917526
46 81 0.0515297906602
81 46 0.0515297906602
3 61 0.0515267175573
61 3 0.0515267175573
15 25 0.0514905149051
25 15 0.0514905149051
8 29 0.0514800514801
29 8 0.0514800514801
72 104 0.0514705882353
104 72 0.0514705882353
76 80 0.0514469453376
80 76 0.0514469453376
4 98 0.0514018691589
98 4 0.0514018691589
60 104 0.0513950073421
104 60 0.0513950073421
7 52 0.0513219284603
52 7 0.0513219284603
60 97 0.0512820512821
97 60 0.0512820512821
6 48 0.0512445095168
48 6 0.0512445095168
5 101 0.0511882998172
54 101 0.0511882998172
101 5 0.0511882998172
101 54 0.0511882998172
15 61 0.0511727078891
61 15 0.0511727078891
21 94 0.0511182108626
94 21 0.0511182108626
15 91 0.0510752688172
82 102 0.0510752688172
91 15 0.0510752688172
102 82 0.0510752688172
60 84 0.0510597302505
84 60 0.0510597302505
4 94 0.0510471204188
94 4 0.0510471204188
24 34 0.0510083036773
34 24 0.0510083036773
52 94 0.0510046367852
94 52 0.0510046367852
15 49 0.0510018214936
49 15 0.0510018214936
52 87 0.0509977827051
62 68 0.0509977827051
63 68 0.0509977827051
68 62 0.0509977827051
68 63 0.0509977827051
87 52 0.0509977827051
64 84 0.0509433962264
84 64 0.0509433962264
71 101 0.0508806262231
101 71 0.0508806262231
2 100 0.0508771929825
100 2 0.0508771929825
54 94 0.0508474576271
62 71 0.0508474576271
63 71 0.0508474576271
71 62 0.0508474576271
71 63 0.0508474576271
94 54 0.0508474576271
7 101 0.050822122571
101 7 0.050822122571
16 30 0.0508021390374
30 16 0.0508021390374
20 28 0.0507936507937
28 20 0.0507936507937
83 103 0.0507614213198
103 83 0.0507614213198
62 99 0.0507246376812
63 99 0.0507246376812
99 62 0.0507246376812
99 63 0.0507246376812
9 50 0.0507152145644
50 9 0.0507152145644
62 101 0.0507099391481
63 101 0.0507099391481
101 62 0.0507099391481
101 63 0.0507099391481
61 103 0.0506535947712
103 61 0.0506535947712
14 71 0.0506329113924
71 14 0.0506329113924
28 98 0.0505747126437
98 28 0.0505747126437
67 98 0.0505263157895
98 67 0.0505263157895
4 20 0.0504672897196
20 4 0.0504672897196
30 71 0.0504587155963
71 30 0.0504587155963
39 49 0.0504504504505
49 39 0.0504504504505
39 94 0.0504201680672
94 39 0.0504201680672
60 94 0.0503144654088
94 60 0.0503144654088
14 100 0.0502645502646
100 14 0.0502645502646
6 98 0.0502283105023
98 6 0.0502283105023
61 87 0.0502183406114
87 61 0.0502183406114
67 104 0.0502092050209
104 67 0.0502092050209
61 104 0.0501858736059
104 61 0.0501858736059
53 60 0.050139275766
60 53 0.050139275766
7 66 0.0501342882722
66 7 0.0501342882722
68 98 0.0500963391137
98 68 0.0500963391137
83 101 0.0500927643785
101 83 0.0500927643785
3 14 0.05
14 3 0.05
38 101 0.05
101 38 0.05
34 103 0.0499306518724
103 34 0.0499306518724
1 72 0.0499194847021
72 1 0.0499194847021
5 45 0.0498915401302
45 5 0.0498915401302
16 61 0.0498812351544
61 16 0.0498812351544
66 72 0.0498474059003
72 66 0.0498474059003
21 71 0.0497835497835
71 21 0.0497835497835
15 21 0.0497737556561
21 15 0.0497737556561
3 4 0.049766718507
4 3 0.049766718507
69 94 0.0497159090909
94 69 0.0497159090909
16 96 0.0496894409938
43 100 0.0496894409938
96 16 0.0496894409938
100 43 0.0496894409938
45 61 0.0496760259179
61 45 0.0496760259179
10 46 0.0496453900709
46 10 0.0496453900709
33 94 0.0496304118268
94 33 0.0496304118268
7 23 0.0496183206107
23 7 0.0496183206107
12 50 0.0495495495495
50 12 0.0495495495495
76 99 0.0495412844037
99 76 0.0495412844037
16 39 0.0494505494505
39 16 0.0494505494505
49 62 0.0494505494505
49 63 0.0494505494505
62 49 0.0494505494505
63 49 0.0494505494505
69 101 0.0493421052632
101 69 0.0493421052632
3 41 0.0493066255778
41 3 0.0493066255778
6 7 0.0492866407263
7 6 0.0492866407263
61 97 0.0492845786963
97 61 0.0492845786963
33 104 0.0492788461538
104 33 0.0492788461538
4 21 0.0492610837438
21 4 0.0492610837438
15 41 0.0492359932088
41 15 0.0492359932088
33 60 0.0492146596859
60 33 0.0492146596859
8 48 0.0491803278689
15 71 0.0491803278689
48 8 0.0491803278689
62 82 0.0491803278689
63 82 0.0491803278689
71 15 0.0491803278689
74 96 0.0491803278689
82 62 0.0491803278689
82 63 0.0491803278689
96 74 0.0491803278689
52 76 0.0491525423729
76 52 0.0491525423729
62 76 0.0491493383743
63 76 0.0491493383743
76 62 0.0491493383743
76 63 0.0491493383743
7 103 0.0491132332879
103 7 0.0491132332879
87 103 0.0490909090909
103 87 0.0490909090909
65 76 0.0490384615385
76 65 0.0490384615385
16 103 0.0490196078431
103 16 0.0490196078431
27 35 0.0489977728285
35 27 0.0489977728285
100 102 0.0489913544669
102 100 0.0489913544669
49 93 0.0489864864865
93 49 0.0489864864865
34 60 0.0489690721649
60 34 0.0489690721649
5 28 0.048951048951
14 68 0.048951048951
28 5 0.048951048951
68 14 0.048951048951
15 39 0.0488997555012
39 15 0.0488997555012
18 39 0.0488888888889
39 18 0.0488888888889
16 98 0.0488372093023
98 16 0.0488372093023
18 91 0.0487804878049
21 34 0.0487804878049
21 54 0.0487804878049
30 87 0.0487804878049
34 21 0.0487804878049
54 21 0.0487804878049
87 30 0.0487804878049
91 18 0.0487804878049
38 94 0.0487483530962
94 38 0.0487483530962
16 94 0.0487364620939
94 16 0.0487364620939
54 61 0.0487329434698
61 54 0.0487329434698
41 94 0.0487179487179
94 41 0.0487179487179
7 64 0.0486935866983
64 7 0.0486935866983
71 82 0.0486725663717
82 71 0.0486725663717
6 39 0.0486577181208
39 6 0.0486577181208
33 57 0.0486542443064
57 33 0.0486542443064
38 76 0.0486409155937
76 38 0.0486409155937
72 74 0.0486381322957
74 72 0.0486381322957
5 91 0.0486111111111
91 5 0.0486111111111
29 91 0.0485893416928
91 29 0.0485893416928
34 39 0.0485268630849
39 34 0.0485268630849
4 61 0.0485133020344
61 4 0.0485133020344
6 8 0.0484764542936
8 6 0.0484764542936
83 91 0.0484261501211
91 83 0.0484261501211
19 43 0.0483870967742
26 76 0.0483870967742
34 35 0.0483870967742
35 34 0.0483870967742
43 19 0.0483870967742
76 26 0.0483870967742
72 97 0.0483619344774
97 72 0.0483619344774
34 67 0.0483592400691
67 34 0.0483592400691
3 93 0.0483558994197
93 3 0.0483558994197
4 103 0.0483425414365
103 4 0.0483425414365
7 21 0.048231511254
21 7 0.048231511254
4 71 0.0481727574751
71 4 0.0481727574751
56 73 0.0481651376147
73 56 0.0481651376147
11 94 0.0481049562682
94 11 0.0481049562682
16 20 0.0480769230769
20 16 0.0480769230769
68 72 0.0480769230769
72 68 0.0480769230769
54 67 0.0480349344978
67 54 0.0480349344978
16 45 0.0480225988701
45 16 0.0480225988701
49 103 0.0479651162791
103 49 0.0479651162791
3 64 0.0479548660085
64 3 0.0479548660085
21 30 0.0479302832244
30 21 0.0479302832244
68 100 0.0479302832244
100 68 0.0479302832244
41 49 0.0478796169631
49 41 0.0478796169631
27 42 0.0478723404255
42 27 0.0478723404255
57 71 0.0477707006369
71 57 0.0477707006369
12 85 0.0477453580902
14 15 0.0477453580902
15 14 0.0477453580902
85 12 0.0477453580902
32 45 0.0477386934673
45 32 0.0477386934673
27 76 0.0477137176938
76 27 0.0477137176938
14 55 0.0477099236641
55 14 0.0477099236641
11 101 0.0477001703578
101 11 0.0477001703578
15 104 0.047619047619
20 39 0.047619047619
39 20 0.047619047619
60 71 0.047619047619
71 60 0.047619047619
104 15 0.047619047619
16 49 0.0475247524752
49 16 0.0475247524752
87 98 0.0475161987041
98 87 0.0475161987041
42 71 0.0475059382423
71 42 0.0475059382423
7 94 0.0474967907574
94 7 0.0474967907574
13 76 0.0474732006126
76 13 0.0474732006126
11 87 0.0474226804124
87 11 0.0474226804124
14 47 0.0473684210526
30 96 0.0473684210526
47 14 0.0473684210526
60 103 0.0473684210526
96 30 0.0473684210526
103 60 0.0473684210526
74 84 0.0473627556512
84 74 0.0473627556512
62 98 0.047311827957
63 98 0.047311827957
98 62 0.047311827957
98 63 0.047311827957
49 57 0.0473061760841
57 49 0.0473061760841
40 101 0.0472878998609
101 40 0.0472878998609
34 80 0.0472764645427
80 34 0.0472764645427
12 82 0.047263681592
82 12 0.047263681592
81 85 0.047227926078
85 81 0.047227926078
4 15 0.0472175379427
15 4 0.0472175379427
15 54 0.0472103004292
54 15 0.0472103004292
11 44 0.0471698113208
44 11 0.0471698113208
21 28 0.0471464019851
28 21 0.0471464019851
49 80 0.0471204188482
80 49 0.0471204188482
57 101 0.0470756062767
101 57 0.0470756062767
4 78 0.0470297029703
78 4 0.0470297029703
27 102 0.0470219435737
102 27 0.0470219435737
23 94 0.0470139771283
94 23 0.0470139771283
55 59 0.0470035252644
59 55 0.0470035252644
11 26 0.0469798657718
26 11 0.0469798657718
38 103 0.0469613259669
103 38 0.0469613259669
11 68 0.0469314079422
68 11 0.0469314079422
3 39 0.046908315565
39 3 0.046908315565
72 76 0.0469011725293
76 72 0.0469011725293
49 78 0.0468948035488
78 49 0.0468948035488
23 59 0.046875
30 82 0.046875
46 71 0.046875
59 23 0.046875
71 46 0.046875
82 30 0.046875
49 64 0.0468557336621
64 49 0.0468557336621
1 60 0.0468140442133
60 1 0.0468140442133
53 94 0.0468085106383
71 93 0.0468085106383
93 71 0.0468085106383
94 53 0.0468085106383
31 47 0.0467445742905
47 31 0.0467445742905
3 72 0.0467289719626
72 3 0.0467289719626
3 15 0.0467091295117
15 3 0.0467091295117
47 50 0.0467091295117
50 47 0.0467091295117
64 101 0.0466666666667
101 64 0.0466666666667
8 67 0.0466417910448
67 8 0.0466417910448
3 43 0.0466321243523
26 82 0.0466321243523
27 67 0.0466321243523
43 3 0.0466321243523
67 27 0.0466321243523
71 91 0.0466321243523
82 26 0.0466321243523
91 71 0.0466321243523
44 87 0.04662004662
87 44 0.04662004662
31 85 0.0465890183028
85 31 0.0465890183028
69 80 0.0465872156013
80 69 0.0465872156013
40 80 0.0465567410281
80 40 0.0465567410281
10 37 0.0465517241379
37 10 0.0465517241379
3 60 0.0465465465465
60 3 0.0465465465465
1 4 0.046511627907
4 1 0.046511627907
30 91 0.046511627907
91 30 0.046511627907
93 103 0.046511627907
103 93 0.046511627907
9 46 0.046483909416
46 9 0.046483909416
40 94 0.0464547677262
94 40 0.0464547677262
33 97 0.0464362850972
97 33 0.0464362850972
62 72 0.0464135021097
63 72 0.0464135021097
72 62 0.0464135021097
72 63 0.0464135021097
24 40 0.046408839779
40 24 0.046408839779
59 64 0.0463917525773
64 59 0.0463917525773
99 103 0.0463917525773
103 99 0.0463917525773
64 98 0.0463847203274
98 64 0.0463847203274
3 82 0.0463709677419
82 3 0.0463709677419
33 41 0.0463157894737
41 33 0.0463157894737
7 54 0.0462962962963
54 7 0.0462962962963
8 28 0.046277665996
28 8 0.046277665996
80 103 0.0462670872766
103 80 0.0462670872766
25 49 0.0462427745665
49 25 0.0462427745665
3 47 0.046218487395
47 3 0.046218487395
6 49 0.0461329715061
49 6 0.0461329715061
6 34 0.0461133069829
34 6 0.0461133069829
11 40 0.0460893854749
40 11 0.0460893854749
16 72 0.0460829493088
72 16 0.0460829493088
7 45 0.0460750853242
45 7 0.0460750853242
51 52 0.0460750853242
52 51 0.0460750853242
26 101 0.0460526315789
96 102 0.0460526315789
101 26 0.0460526315789
102 96 0.0460526315789
8 34 0.0460431654676
34 8 0.0460431654676
16 21 0.0460358056266
21 16 0.0460358056266
35 39 0.0460251046025
39 35 0.0460251046025
39 98 0.0460251046025
98 39 0.0460251046025
60 98 0.0459940652819
98 60 0.0459940652819
34 49 0.0459610027855
49 34 0.0459610027855
11 72 0.0459363957597
16 60 0.0459363957597
60 16 0.0459363957597
72 11 0.0459363957597
19 73 0.0459290187891
73 19 0.0459290187891
71 94 0.0459016393443
94 71 0.0459016393443
5 50 0.045871559633
50 5 0.045871559633
54 71 0.0458333333333
71 54 0.0458333333333
49 52 0.0458265139116
52 49 0.0458265139116
71 102 0.0458221024259
102 71 0.0458221024259
71 78 0.0458015267176
78 71 0.0458015267176
29 39 0.0457902511078
39 29 0.0457902511078
55 76 0.0457902511078
76 55 0.0457902511078
67 77 0.045766590389
77 67 0.045766590389
76 91 0.0457256461233
91 76 0.0457256461233
21 101 0.0457142857143
101 21 0.0457142857143
5 14 0.0456621004566
14 5 0.0456621004566
78 83 0.0456553755523
83 78 0.0456553755523
5 71 0.045643153527
71 5 0.045643153527
77 93 0.045643153527
93 77 0.045643153527
24 53 0.0456273764259
53 24 0.0456273764259
64 92 0.0456140350877
92 64 0.0456140350877
31 89 0.0455991516437
89 31 0.0455991516437
16 87 0.045584045584
87 16 0.045584045584
42 52 0.0455531453362
52 42 0.0455531453362
69 87 0.0455445544554
87 69 0.0455445544554
6 71 0.0455284552846
49 98 0.0455284552846
71 6 0.0455284552846
98 49 0.0455284552846
3 52 0.0454545454545
24 101 0.0454545454545
40 55 0.0454545454545
48 94 0.0454545454545
52 3 0.0454545454545
55 40 0.0454545454545
67 102 0.0454545454545
94 48 0.0454545454545
101 24 0.0454545454545
101 103 0.0454545454545
102 67 0.0454545454545
103 101 0.0454545454545
46 89 0.0454042081949
89 46 0.0454042081949
7 29 0.0454016298021
29 7 0.0454016298021
40 50 0.045390070922
50 40 0.045390070922
7 11 0.0453879941435
11 7 0.0453879941435
83 94 0.0453834115806
94 83 0.0453834115806
45 103 0.0453720508167
103 45 0.0453720508167
7 24 0.0453488372093
24 7 0.0453488372093
33 61 0.0453431372549
61 33 0.0453431372549
5 11 0.0452898550725
11 5 0.0452898550725
11 30 0.0452755905512
30 11 0.0452755905512
41 89 0.0452586206897
89 41 0.0452586206897
33 49 0.0452538631347
49 33 0.0452538631347
14 61 0.0452488687783
31 50 0.0452488687783
50 31 0.0452488687783
61 14 0.0452488687783
15 87 0.0452261306533
87 15 0.0452261306533
64 76 0.0452196382429
76 64 0.0452196382429
17 24 0.0452127659574
24 17 0.0452127659574
3 98 0.045197740113
5 72 0.045197740113
10 36 0.045197740113
36 10 0.045197740113
72 5 0.045197740113
98 3 0.045197740113
37 38 0.0451436388509
38 37 0.0451436388509
72 78 0.0451339915374
78 72 0.0451339915374
16 80 0.0450928381963
80 16 0.0450928381963
7 49 0.0450819672131
13 94 0.0450819672131
17 76 0.0450819672131
49 7 0.0450819672131
76 17 0.0450819672131
94 13 0.0450819672131
23 45 0.0450751252087
45 23 0.0450751252087
62 94 0.0450751252087
63 94 0.0450751252087
94 62 0.0450751252087
94 63 0.0450751252087
39 87 0.045
87 39 0.045
23 61 0.0449775112444
61 23 0.0449775112444
78 80 0.044976076555
80 78 0.044976076555
20 69 0.0449678800857
69 20 0.0449678800857
39 78 0.0449612403101
78 39 0.0449612403101
86 103 0.0449438202247
103 86 0.0449438202247
59 60 0.0449069003286
60 59 0.0449069003286
5 98 0.0448598130841
98 5 0.0448598130841
60 76 0.0448369565217
76 60 0.0448369565217
28 52 0.0448113207547
33 101 0.0448113207547
52 28 0.0448113207547
101 33 0.0448113207547
10 50 0.0448065173116
50 10 0.0448065173116
29 78 0.0447928331467
78 29 0.0447928331467
14 74 0.0447427293065
74 14 0.0447427293065
80 101 0.0447427293065
91 104 0.0447427293065
101 80 0.0447427293065
104 91 0.0447427293065
11 78 0.0447154471545
78 11 0.0447154471545
6 101 0.0447093889717
101 6 0.0447093889717
78 103 0.0446998722861
103 78 0.0446998722861
7 76 0.0446927374302
61 84 0.0446927374302
76 7 0.0446927374302
84 61 0.0446927374302
50 87 0.0446808510638
87 50 0.0446808510638
54 80 0.0446735395189
80 54 0.0446735395189
36 45 0.0446428571429
45 36 0.0446428571429
76 82 0.0446428571429
82 76 0.0446428571429
10 41 0.0446280991736
41 10 0.0446280991736
5 43 0.0446194225722
43 5 0.0446194225722
24 76 0.0445544554455
76 24 0.0445544554455
13 101 0.0445151033386
101 13 0.0445151033386
15 27 0.044502617801
16 99 0.044502617801
27 15 0.044502617801
43 52 0.044502617801
52 43 0.044502617801
99 16 0.044502617801
48 53 0.0444810543657
53 48 0.0444810543657
5 94 0.0444785276074
68 94 0.0444785276074
94 5 0.0444785276074
94 68 0.0444785276074
15 101 0.0444444444444
48 67 0.0444444444444
60 72 0.0444444444444
67 48 0.0444444444444
72 60 0.0444444444444
101 15 0.0444444444444
66 78 0.0444064901793
78 66 0.0444064901793
84 92 0.0443942814146
92 84 0.0443942814146
27 47 0.0443864229765
47 27 0.0443864229765
84 98 0.0443722943723
98 84 0.0443722943723
93 101 0.0443622920518
101 93 0.0443622920518
1 61 0.0443349753695
61 1 0.0443349753695
3 80 0.0443181818182
80 3 0.0443181818182
14 102 0.0443037974684
102 14 0.0443037974684
6 29 0.044289044289
29 6 0.044289044289
14 67 0.0442708333333
67 14 0.0442708333333
41 46 0.0442600276625
46 41 0.0442600276625
4 64 0.0442583732057
64 4 0.0442583732057
21 78 0.0442477876106
39 64 0.0442477876106
64 39 0.0442477876106
78 21 0.0442477876106
15 34 0.0442176870748
34 15 0.0442176870748
4 6 0.0442132639792
6 4 0.0442132639792
30 102 0.0441988950276
48 78 0.0441988950276
78 48 0.0441988950276
102 30 0.0441988950276
49 71 0.0441696113074
71 49 0.0441696113074
80 104 0.044167610419
104 80 0.044167610419
68 86 0.0441458733205
86 68 0.0441458733205
97 101 0.0441400304414
101 97 0.0441400304414
68 96 0.0441176470588
96 68 0.0441176470588
1 39 0.0440917107584
39 1 0.0440917107584
23 76 0.0440771349862
76 23 0.0440771349862
37 48 0.0440729483283
48 37 0.0440729483283
54 78 0.0440340909091
78 54 0.0440340909091
15 35 0.0440251572327
35 15 0.0440251572327
27 33 0.044
33 27 0.044
33 67 0.0439844760673
67 33 0.0439844760673
5 87 0.043956043956
11 18 0.043956043956
18 11 0.043956043956
30 44 0.043956043956
44 30 0.043956043956
87 5 0.043956043956
4 97 0.0439414114514
18 59 0.0439414114514
59 18 0.0439414114514
97 4 0.0439414114514
68 71 0.0439330543933
71 68 0.0439330543933
27 43 0.0439189189189
43 27 0.0439189189189
5 21 0.0439121756487
21 5 0.0439121756487
26 68 0.0439024390244
68 26 0.0439024390244
16 26 0.0438871473354
26 16 0.0438871473354
38 61 0.0438871473354
61 38 0.0438871473354
18 67 0.0438596491228
67 18 0.0438596491228
3 21 0.0438247011952
21 3 0.0438247011952
93 94 0.0438184663537
94 93 0.0438184663537
14 46 0.0438095238095
46 14 0.0438095238095
27 82 0.043795620438
82 27 0.043795620438
87 99 0.043795620438
99 87 0.043795620438
25 86 0.0437788018433
86 25 0.0437788018433
59 83 0.0437665782493
83 59 0.0437665782493
34 52 0.04375
42 81 0.04375
52 34 0.04375
81 42 0.04375
61 82 0.0437375745527
82 61 0.0437375745527
41 57 0.043695380774
57 41 0.043695380774
31 99 0.0436893203883
99 31 0.0436893203883
1 48 0.0436817472699
4 54 0.0436817472699
48 1 0.0436817472699
54 4 0.0436817472699
54 62 0.0436681222707
54 63 0.0436681222707
62 54 0.0436681222707
63 54 0.0436681222707
37 49 0.043661971831
49 37 0.043661971831
33 84 0.0436573311367
84 33 0.0436573311367
11 15 0.0436507936508
15 11 0.0436507936508
69 76 0.0436137071651
76 69 0.0436137071651
31 52 0.0436090225564
52 31 0.0436090225564
23 80 0.0436075322101
80 23 0.0436075322101
45 91 0.0435967302452
91 45 0.0435967302452
28 101 0.0435729847495
101 28 0.0435729847495
52 71 0.0435684647303
71 52 0.0435684647303
53 87 0.0435643564356
87 53 0.0435643564356
28 41 0.043557168784
41 28 0.043557168784
53 61 0.0435540069686
61 53 0.0435540069686
76 81 0.0435483870968
81 76 0.0435483870968
24 91 0.0435458786936
91 24 0.0435458786936
15 24 0.0435413642961
24 15 0.0435413642961
5 67 0.0434782608696
16 43 0.0434782608696
26 43 0.0434782608696
38 80 0.0434782608696
43 16 0.0434782608696
43 26 0.0434782608696
55 71 0.0434782608696
67 5 0.0434782608696
71 55 0.0434782608696
71 81 0.0434782608696
80 38 0.0434782608696
81 71 0.0434782608696
6 76 0.0434173669468
76 6 0.0434173669468
67 78 0.0434108527132
78 67 0.0434108527132
53 72 0.0434027777778
72 53 0.0434027777778
80 90 0.0434027777778
90 80 0.0434027777778
76 87 0.0433962264151
87 76 0.0433962264151
76 84 0.0433884297521
84 76 0.0433884297521
61 80 0.0433789954338
80 61 0.0433789954338
4 76 0.0433566433566
76 4 0.0433566433566
43 85 0.0433436532508
85 43 0.0433436532508
15 94 0.0433333333333
94 15 0.0433333333333
56 79 0.0432989690722
79 56 0.0432989690722
24 29 0.0432946145723
29 24 0.0432946145723
24 80 0.0432780847145
80 24 0.0432780847145
59 76 0.0432692307692
76 59 0.0432692307692
14 30 0.0432569974555
30 14 0.0432569974555
29 61 0.0432432432432
43 93 0.0432432432432
61 29 0.0432432432432
78 81 0.0432432432432
81 78 0.0432432432432
93 43 0.0432432432432
12 14 0.0432276657061
14 12 0.0432276657061
52 93 0.0432220039293
61 93 0.0432220039293
93 52 0.0432220039293
93 61 0.0432220039293
71 80 0.0432172869148
80 71 0.0432172869148
6 52 0.0432098765432
41 98 0.0432098765432
52 6 0.0432098765432
80 87 0.0432098765432
87 80 0.0432098765432
98 41 0.0432098765432
71 99 0.0431818181818
99 71 0.0431818181818
61 86 0.0431519699812
86 61 0.0431519699812
21 104 0.043137254902
33 64 0.043137254902
64 33 0.043137254902
104 21 0.043137254902
41 99 0.0431177446103
99 41 0.0431177446103
73 95 0.0431034482759
95 73 0.0431034482759
15 29 0.0430906389302
29 15 0.0430906389302
44 47 0.0430839002268
47 44 0.0430839002268
76 89 0.0430839002268
89 76 0.0430839002268
76 94 0.0430555555556
94 76 0.0430555555556
1 20 0.0430528375734
20 1 0.0430528375734
3 69 0.0430292598967
69 3 0.0430292598967
1 67 0.0430107526882
43 68 0.0430107526882
67 1 0.0430107526882
68 43 0.0430107526882
5 27 0.0429864253394
27 5 0.0429864253394
15 23 0.0429752066116
23 15 0.0429752066116
5 20 0.0429594272076
20 5 0.0429594272076
37 41 0.0429530201342
41 37 0.0429530201342
43 47 0.0429447852761
47 43 0.0429447852761
33 76 0.0429378531073
76 33 0.0429378531073
43 50 0.0429292929293
50 43 0.0429292929293
85 87 0.0429292929293
87 85 0.0429292929293
4 93 0.0429252782194
82 94 0.0429252782194
93 4 0.0429252782194
94 82 0.0429252782194
26 30 0.0428954423592
28 39 0.0428954423592
30 26 0.0428954423592
39 28 0.0428954423592
3 10 0.0428571428571
10 3 0.0428571428571
11 86 0.0428571428571
86 11 0.0428571428571
27 99 0.0428211586902
99 27 0.0428211586902
7 69 0.0427960057061
48 57 0.0427960057061
57 48 0.0427960057061
69 7 0.0427960057061
3 103 0.0427892234548
103 3 0.0427892234548
45 80 0.0427872860636
80 45 0.0427872860636
15 103 0.0427807486631
103 15 0.0427807486631
8 104 0.0427631578947
104 8 0.0427631578947
57 103 0.0427461139896
103 57 0.0427461139896
30 68 0.042735042735
68 30 0.042735042735
12 71 0.0427135678392
71 12 0.0427135678392
1 76 0.0427098674521
76 1 0.0427098674521
54 64 0.0426997245179
64 54 0.0426997245179
72 91 0.0426966292135
91 72 0.0426966292135
41 72 0.0426829268293
72 41 0.0426829268293
5 26 0.042654028436
26 5 0.042654028436
91 93 0.042654028436
93 91 0.042654028436
37 57 0.0426356589147
44 72 0.0426356589147
57 37 0.0426356589147
72 44 0.0426356589147
9 31 0.042600896861
31 9 0.042600896861
39 77 0.042600896861
77 39 0.042600896861
10 45 0.0425531914894
45 10 0.0425531914894
48 98 0.0425531914894
98 48 0.0425531914894
23 29 0.0425287356322
29 23 0.0425287356322
41 78 0.0425273390036
78 41 0.0425273390036
61 65 0.0425101214575
65 61 0.0425101214575
67 73 0.0425101214575
73 67 0.0425101214575
35 78 0.042492917847
78 35 0.042492917847
1 83 0.0424836601307
83 1 0.0424836601307
61 68 0.042471042471
68 61 0.042471042471
5 40 0.0424597364568
40 5 0.0424597364568
6 45 0.0424448217317
45 6 0.0424448217317
2 7 0.0424403183024
7 2 0.0424403183024
1 49 0.04243281471
49 1 0.04243281471
12 26 0.0424242424242
14 26 0.0424242424242
26 12 0.0424242424242
26 14 0.0424242424242
67 101 0.0424242424242
101 67 0.0424242424242
33 89 0.0424187725632
89 33 0.0424187725632
7 33 0.0424178154825
33 7 0.0424178154825
3 27 0.0424107142857
27 3 0.0424107142857
62 83 0.0424107142857
63 83 0.0424107142857
83 62 0.0424107142857
83 63 0.0424107142857
25 43 0.0424028268551
43 25 0.0424028268551
44 76 0.0424028268551
76 44 0.0424028268551
87 96 0.0423728813559
96 87 0.0423728813559
49 66 0.0423572744015
66 49 0.0423572744015
78 98 0.0423131170663
98 78 0.0423131170663
3 66 0.0423116615067
66 3 0.0423116615067
82 103 0.0423011844332
103 82 0.0423011844332
6 72 0.0422960725076
72 6 0.0422960725076
24 72 0.0422721268164
72 24 0.0422721268164
34 98 0.0422535211268
98 34 0.0422535211268
7 15 0.0422297297297
15 7 0.0422297297297
68 101 0.0422018348624
101 68 0.0422018348624
53 64 0.042199488491
64 53 0.042199488491
97 98 0.0421875
98 97 0.0421875
7 80 0.0421686746988
44 68 0.0421686746988
49 69 0.0421686746988
68 44 0.0421686746988
69 49 0.0421686746988
80 7 0.0421686746988
71 97 0.0421585160202
74 76 0.0421585160202
76 74 0.0421585160202
97 71 0.0421585160202
30 47 0.0421545667447
47 30 0.0421545667447
7 35 0.0421052631579
20 60 0.0421052631579
30 103 0.0421052631579
35 7 0.0421052631579
48 97 0.0421052631579
60 20 0.0421052631579
97 48 0.0421052631579
103 30 0.0421052631579
21 52 0.0420841683367
21 61 0.0420841683367
52 21 0.0420841683367
61 21 0.0420841683367
8 24 0.0420792079208
24 8 0.0420792079208
77 91 0.0420792079208
91 77 0.0420792079208
65 80 0.0420736288505
80 65 0.0420736288505
60 68 0.042042042042
68 60 0.042042042042
14 72 0.0420353982301
43 76 0.0420353982301
72 14 0.0420353982301
76 43 0.0420353982301
80 86 0.0419977298524
86 80 0.0419977298524
12 15 0.0419947506562
15 12 0.0419947506562
6 104 0.0419790104948
104 6 0.0419790104948
45 47 0.041975308642
47 45 0.041975308642
4 16 0.0419708029197
16 4 0.0419708029197
9 41 0.0419501133787
41 9 0.0419501133787
5 52 0.0419047619048
52 5 0.0419047619048
3 81 0.0418943533698
81 3 0.0418943533698
45 85 0.0418719211823
85 45 0.0418719211823
14 83 0.0418604651163
83 14 0.0418604651163
41 103 0.0418353576248
103 41 0.0418353576248
11 82 0.041825095057
82 11 0.041825095057
5 53 0.0418118466899
23 25 0.0418118466899
25 23 0.0418118466899
53 5 0.0418118466899
24 82 0.041782729805
82 24 0.041782729805
17 29 0.0417777777778
29 17 0.0417777777778
15 83 0.0417582417582
39 83 0.0417582417582
39 93 0.0417582417582
55 89 0.0417582417582
83 15 0.0417582417582
83 39 0.0417582417582
89 55 0.0417582417582
93 39 0.0417582417582
18 68 0.0417495029821
68 18 0.0417495029821
17 64 0.0417406749556
64 17 0.0417406749556
14 49 0.0416666666667
18 104 0.0416666666667
27 49 0.0416666666667
30 76 0.0416666666667
45 52 0.0416666666667
49 14 0.0416666666667
49 27 0.0416666666667
52 45 0.0416666666667
53 91 0.0416666666667
61 74 0.0416666666667
74 61 0.0416666666667
76 30 0.0416666666667
91 53 0.0416666666667
104 18 0.0416666666667
68 78 0.0416068866571
78 68 0.0416068866571
7 81 0.0416047548291
81 7 0.0416047548291
5 74 0.0415879017013
74 5 0.0415879017013
48 71 0.0415841584158
71 48 0.0415841584158
61 100 0.04158004158
100 61 0.04158004158
5 19 0.0415754923414
19 5 0.0415754923414
45 68 0.0415754923414
68 45 0.0415754923414
55 64 0.041564792176
62 100 0.041564792176
63 100 0.041564792176
64 55 0.041564792176
100 62 0.041564792176
100 63 0.041564792176
24 48 0.0415584415584
48 24 0.0415584415584
59 61 0.0415584415584
61 59 0.0415584415584
3 24 0.0415549597855
24 3 0.0415549597855
60 69 0.0415512465374
69 60 0.0415512465374
87 102 0.0415430267062
102 87 0.0415430267062
1 98 0.0415335463259
98 1 0.0415335463259
30 41 0.0415282392027
41 30 0.0415282392027
24 94 0.0415224913495
94 24 0.0415224913495
31 57 0.041514041514
57 31 0.041514041514
37 43 0.0414937759336
43 37 0.0414937759336
33 53 0.0414746543779
53 33 0.0414746543779
60 78 0.0414691943128
78 60 0.0414691943128
8 83 0.0414507772021
83 8 0.0414507772021
47 49 0.0414414414414
49 47 0.0414414414414
40 61 0.0414285714286
61 40 0.0414285714286
2 101 0.0414201183432
14 79 0.0414201183432
79 14 0.0414201183432
101 2 0.0414201183432
16 48 0.041394335512
48 16 0.041394335512
6 67 0.0413907284768
67 6 0.0413907284768
69 86 0.0413793103448
86 69 0.0413793103448
46 47 0.0413669064748
47 46 0.0413669064748
14 44 0.0413625304136
44 14 0.0413625304136
31 72 0.0413589364845
72 31 0.0413589364845
31 93 0.04134762634
93 31 0.04134762634
40 49 0.0413436692506
49 40 0.0413436692506
40 76 0.0413333333333
76 40 0.0413333333333
68 80 0.0413318025258
76 90 0.0413318025258
80 68 0.0413318025258
90 76 0.0413318025258
15 72 0.0413223140496
53 101 0.0413223140496
72 15 0.0413223140496
101 53 0.0413223140496
3 87 0.0413043478261
87 3 0.0413043478261
26 88 0.0412844036697
35 91 0.0412844036697
88 26 0.0412844036697
91 35 0.0412844036697
53 78 0.0412782956059
78 53 0.0412782956059
8 11 0.0412698412698
11 8 0.0412698412698
50 55 0.0412698412698
55 50 0.0412698412698
11 39 0.041257367387
39 11 0.041257367387
6 69 0.0412517780939
69 6 0.0412517780939
41 80 0.0412474849095
80 41 0.0412474849095
4 48 0.0412371134021
6 41 0.0412371134021
20 77 0.0412371134021
41 6 0.0412371134021
47 72 0.0412371134021
48 4 0.0412371134021
72 47 0.0412371134021
77 20 0.0412371134021
41 90 0.0412147505423
90 41 0.0412147505423
25 42 0.0412087912088
42 25 0.0412087912088
6 21 0.041204437401
21 6 0.041204437401
23 100 0.0411861614498
100 23 0.0411861614498
72 82 0.0411764705882
82 72 0.0411764705882
41 47 0.041166380789
47 41 0.041166380789
15 80 0.0411622276029
59 66 0.0411622276029
66 59 0.0411622276029
67 80 0.0411622276029
80 15 0.0411622276029
80 67 0.0411622276029
68 82 0.0411522633745
82 68 0.0411522633745
24 71 0.041134751773
71 24 0.041134751773
14 99 0.0411311053985
99 14 0.0411311053985
6 57 0.041095890411
26 85 0.041095890411
31 80 0.041095890411
57 6 0.041095890411
80 31 0.041095890411
85 26 0.041095890411
3 30 0.041067761807
30 3 0.041067761807
53 71 0.0410447761194
71 53 0.0410447761194
23 54 0.0410334346505
41 50 0.0410334346505
50 41 0.0410334346505
54 23 0.0410334346505
16 82 0.0410256410256
45 87 0.0410256410256
82 16 0.0410256410256
87 45 0.0410256410256
23 66 0.0410122164049
66 23 0.0410122164049
26 67 0.0409836065574
29 94 0.0409836065574
67 26 0.0409836065574
94 29 0.0409836065574
8 15 0.0409683426443
15 8 0.0409683426443
6 78 0.0409638554217
15 100 0.0409638554217
78 6 0.0409638554217
100 15 0.0409638554217
21 64 0.0409604519774
64 21 0.0409604519774
26 36 0.0409556313993
36 26 0.0409556313993
17 66 0.0409482758621
66 17 0.0409482758621
91 101 0.0409482758621
101 91 0.0409482758621
45 69 0.0409356725146
46 76 0.0409356725146
69 45 0.0409356725146
76 46 0.0409356725146
62 87 0.0409207161125
63 87 0.0409207161125
87 62 0.0409207161125
87 63 0.0409207161125
23 67 0.0409165302782
67 23 0.0409165302782
26 104 0.0409090909091
104 26 0.0409090909091
98 99 0.040899795501
99 98 0.040899795501
96 100 0.0408719346049
100 96 0.0408719346049
11 25 0.0408602150538
25 11 0.0408602150538
39 53 0.0408560311284
53 39 0.0408560311284
8 76 0.0408472012103
76 8 0.0408472012103
2 74 0.0408163265306
7 102 0.0408163265306
15 36 0.0408163265306
21 67 0.0408163265306
24 59 0.0408163265306
25 35 0.0408163265306
35 25 0.0408163265306
36 15 0.0408163265306
59 24 0.0408163265306
67 21 0.0408163265306
74 2 0.0408163265306
102 7 0.0408163265306
34 77 0.0407830342577
52 55 0.0407830342577
55 52 0.0407830342577
77 34 0.0407830342577
27 41 0.040780141844
41 27 0.040780141844
42 69 0.0407766990291
69 42 0.0407766990291
40 59 0.0407725321888
59 40 0.0407725321888
15 67 0.0407673860911
16 54 0.0407673860911
27 44 0.0407673860911
30 45 0.0407673860911
44 27 0.0407673860911
45 30 0.0407673860911
54 16 0.0407673860911
67 15 0.0407673860911
1 6 0.0407608695652
6 1 0.0407608695652
6 17 0.0407582938389
17 6 0.0407582938389
24 45 0.0407569141194
45 24 0.0407569141194
5 7 0.0407523510972
7 5 0.0407523510972
